Time MEM Virt Res SHR CPU free swap
0:00.10 0.3 224864 5432 2872 37.5 1426.2 820.0
0:00.46 0.7 231860 12292 2872 42.1 1414.0 820.0
0:00.77 1.0 237800 18364 2872 38.9 1402.5 820.0
0:01.12 1.3 244796 25228 2872 42.1 1387.1 820.0
0:01.50 1.8 252320 32884 2872 50.0 1373.4 820.0
0:01.85 2.1 258260 38692 2872 45.5 1360.9 820.0
0:02.21 2.4 265388 45820 2872 44.4 1346.7 820.0
0:02.55 2.7 270800 51364 2872 27.3 1338.3 820.0
0:02.85 3.1 276608 57172 2872 23.8 1326.9 820.0
0:03.17 3.3 281624 62188 2872 38.9 1314.1 820.0
0:03.48 3.6 287828 68260 2872 40.0 1302.3 820.0
0:03.79 4.0 294296 74860 2872 42.1 1289.2 820.0
0:04.09 4.4 300896 81460 2872 47.4 1276.3 820.0
0:04.41 4.7 308420 88852 2872 42.1 1260.9 820.0
0:04.74 5.2 315812 96508 2872 47.1 1245.1 820.0
0:05.06 5.6 323468 103900 2872 41.2 1231.7 820.0
0:05.35 5.9 329540 109972 2872 31.6 1217.6 820.0
0:05.67 6.3 336932 117364 2872 33.3 1203.8 820.0
0:06.01 6.7 344060 124492 2872 38.9 1189.4 820.0
0:06.34 7.0 351056 131620 2872 44.4 1175.6 820.0
0:06.67 7.4 358580 139012 2872 41.2 1160.3 820.0
0:06.98 7.8 365708 146140 2872 47.4 1146.4 820.0
0:07.27 8.1 371780 152212 2872 36.8 1134.3 820.0
0:07.56 8.5 377852 158284 2872 38.9 1121.7 820.0
0:07.87 8.8 384716 165148 2872 31.6 1108.2 820.0
0:08.18 9.2 391976 172540 2872 41.2 1094.2 820.0
0:08.49 9.6 399368 179932 2872 44.4 1080.0 820.0
0:08.78 10.0 406364 186796 2872 38.9 1066.8 820.0
0:09.11 10.4 414152 194716 2872 44.4 1051.0 820.0
0:09.43 10.8 421412 201844 2872 43.8 1036.7 820.0
0:09.75 11.2 429068 209500 2872 42.1 1021.9 820.0
0:10.07 11.6 436592 217156 2872 47.4 1006.9 820.0
0:10.41 12.0 444908 225340 2872 47.4 991.0 820.0
0:10.73 12.5 452828 233260 2872 37.5 976.0 820.0
0:11.07 12.9 460748 241180 2872 44.4 959.8 820.0
0:11.41 13.3 469196 249628 2872 44.4 943.4 820.0
0:11.73 13.8 477116 257548 2872 47.1 928.0 820.0
0:12.05 14.2 484772 265204 2872 50.0 912.8 820.0
0:12.37 14.6 492692 273124 2872 56.2 897.3 820.0
0:12.68 15.0 500612 281308 2872 50.0 882.2 820.0
0:13.00 15.4 508136 288700 2872 42.1 867.0 820.0
0:13.32 15.9 516188 296620 2872 42.1 851.2 820.0
0:13.63 16.3 523844 304276 2872 44.4 835.7 820.0
0:13.97 16.7 532028 312460 2872 47.1 819.8 820.0
0:14.27 17.1 539948 320380 2872 40.0 804.9 820.0
0:14.59 17.6 548000 328564 2872 44.4 788.7 820.0
0:14.89 17.9 555128 335692 2872 38.9 774.3 820.0
0:15.20 18.3 561200 341764 2872 35.0 762.0 820.0
0:15.51 18.6 567932 348364 2872 40.0 749.2 820.0
0:15.86 19.0 574400 354964 2872 35.3 737.4 820.0
0:16.19 19.3 580076 360508 2872 38.9 725.9 820.0
0:16.52 19.6 586148 366580 2872 36.4 715.5 820.0
0:16.85 19.8 590372 370804 2872 31.2 707.6 820.0
0:17.20 20.1 595388 375820 2872 38.9 699.0 820.0
0:17.54 20.4 601064 381628 2872 31.6 686.8 820.0
0:17.86 20.7 606476 386908 2872 31.6 673.9 820.0
0:18.17 21.0 612680 393244 2872 37.5 665.4 820.0
0:18.49 21.3 617300 397732 2872 29.4 654.9 820.0
0:18.87 21.6 624032 404596 2872 47.1 640.0 820.0
0:19.19 21.9 629972 410404 2872 33.3 628.8 820.0
0:19.49 22.2 635120 415684 2872 26.3 618.2 820.0
0:19.83 22.5 641324 421756 2872 36.8 606.8 820.0
0:20.15 22.9 647132 427564 2872 31.6 595.1 820.0
0:20.46 23.2 653732 434164 2872 31.6 581.4 820.0
0:20.79 23.6 660728 441292 2872 36.8 568.2 820.0
0:21.15 24.0 668516 448948 2872 36.8 551.3 820.0
0:21.48 24.4 675248 455812 2872 40.0 539.2 820.0
0:21.80 24.8 682640 463204 2872 33.3 525.1 820.0
0:22.10 25.1 689504 470068 2872 25.0 512.0 820.0
0:22.43 25.5 696368 476932 2872 44.4 498.2 820.0
0:22.76 25.9 703496 484060 2872 43.8 485.2 820.0
0:23.07 26.2 710096 490660 2872 44.4 472.2 820.0
0:23.39 26.6 716828 497260 2872 42.1 455.7 820.0
0:23.69 27.0 725012 505444 2872 44.4 440.0 820.0
0:23.99 27.5 733064 513628 2872 33.3 424.7 820.0
0:24.30 27.8 740324 520756 2872 36.8 411.0 820.0
0:24.62 28.2 747716 528148 2872 38.9 397.3 820.0
0:24.92 28.6 754580 535012 2872 31.6 383.8 820.0
0:25.23 29.0 761708 542140 2872 38.9 370.0 820.0
0:25.56 29.4 769364 549796 2872 44.4 354.7 820.0
0:25.88 29.8 777284 557716 2872 42.1 339.4 820.0
0:26.20 30.3 785996 566428 2872 35.3 322.0 820.0
0:26.52 30.8 794840 575404 2872 43.8 304.4 820.0
0:26.85 31.2 804080 584644 2872 38.9 286.2 820.0
0:27.19 31.8 813584 594148 2872 44.4 267.0 820.0
0:27.51 32.2 822560 603124 2872 36.8 249.6 820.0
0:27.81 32.7 831272 611836 2872 38.9 232.8 820.0
0:28.12 33.2 839720 620284 2872 38.9 217.4 820.0
0:28.42 33.6 847640 628204 2872 44.4 201.9 820.0
0:28.76 34.1 857540 637972 2872 47.4 181.2 820.0
0:29.08 34.6 867044 647476 2872 50.0 161.1 820.0
0:29.42 35.2 877472 658036 2872 42.1 143.9 820.0
0:29.74 35.5 884336 664900 2872 36.8 129.5 820.0
0:30.04 35.9 890408 670972 2872 38.9 118.4 820.0
0:30.34 36.1 895688 676252 2872 30.0 108.8 820.0
0:30.63 36.4 901100 681532 2872 35.0 97.4 820.0
0:30.94 36.8 907700 688132 2872 28.6 85.3 820.0
0:31.27 37.1 913640 694204 2872 50.0 73.3 820.0
0:31.57 37.4 919976 700540 2872 37.5 63.5 819.5
0:31.88 37.7 925652 705704 2496 41.2 82.3 818.7
0:32.22 38.1 932120 712304 2496 35.0 67.8 818.7
0:32.52 38.4 938324 718376 2496 31.6 76.5 816.5
0:32.83 38.7 943868 723920 2496 36.8 65.9 816.5
0:33.16 39.0 950204 730256 2496 42.1 68.4 815.5
0:33.44 39.4 956276 736328 2496 31.6 72.0 814.2
0:33.75 39.6 961160 741344 2496 40.0 72.2 813.0
0:34.08 39.9 966968 747152 2496 50.0 65.5 813.0
0:34.39 40.2 972776 752960 2496 31.6 68.9 811.5
0:34.71 40.6 979376 759560 2496 36.8 72.2 810.0
0:35.05 41.0 986900 766952 2496 47.4 75.1 806.2
0:35.40 41.4 993632 773812 2492 45.0 75.3 804.5
0:35.74 41.7 1000100 780288 2368 47.4 72.8 802.0
0:36.05 41.9 1005248 783764 2368 36.8 66.5 797.0
0:36.40 42.0 1010528 786144 2368 47.1 64.4 796.2
0:36.75 42.1 1015808 787104 2368 41.2 67.0 790.7
0:37.12 42.4 1021616 792912 2368 33.3 73.5 770.7
0:37.66 42.3 1029272 792132 2312 44.4 64.9 751.0
0:38.03 42.2 1035212 788784 2312 44.4 62.1 743.2
0:38.36 42.0 1040360 784976 2312 35.3 68.8 732.7
0:38.73 42.2 1046300 788696 2312 44.4 73.3 717.7
0:39.06 42.0 1051316 785948 2312 38.1 67.2 703.7
0:39.38 41.9 1055672 783132 2312 45.0 64.7 702.0
0:39.82 41.6 1063460 778424 2312 35.0 65.8 687.0
0:40.14 41.4 1069268 775448 2312 25.0 77.1 668.5
0:40.46 41.5 1074944 776048 2312 40.0 66.2 647.2
0:40.78 40.6 1080092 759344 2312 36.8 74.6 642.2
0:41.14 40.9 1086032 765152 2312 37.5 63.7 637.2
0:41.48 40.7 1091048 761160 2312 29.4 74.2 615.0
0:41.84 40.6 1096328 758760 2312 44.4 64.7 606.7
0:42.16 40.4 1101344 755152 2312 47.4 67.6 601.7
0:42.47 40.6 1107020 759940 2312 31.6 67.3 584.0
0:42.76 40.6 1112300 759884 2312 36.8 65.2 584.0
0:43.05 40.8 1116656 763784 2312 30.0 71.2 558.5
0:43.48 40.7 1124180 761092 2312 45.0 63.0 550.2
0:43.82 40.6 1130516 760488 2312 52.9 65.3 542.1
0:44.16 40.5 1136060 758248 2312 28.6 74.5 526.1
0:44.51 40.9 1142264 764584 2312 42.1 62.2 515.8
0:44.84 40.7 1147808 760968 2312 50.0 67.5 507.8
0:45.15 40.8 1153352 763984 2312 28.0 76.2 490.7
0:45.50 40.8 1158368 763112 2312 44.4 64.1 487.0
0:45.94 40.7 1166024 760924 2312 23.8 73.1 458.2
0:46.30 40.8 1173680 762452 2312 44.4 73.4 447.2
0:46.62 40.9 1181864 765092 2312 44.4 63.5 431.0
0:46.92 40.8 1189388 764244 2312 31.6 65.5 428.5
0:47.24 41.0 1198100 767724 2312 44.4 67.9 395.0
0:47.52 40.7 1204568 761068 2312 41.2 70.3 393.0
0:47.81 41.0 1212488 767384 2312 31.2 76.1 369.5
0:48.14 41.0 1221200 767960 2312 44.4 73.6 353.0
0:48.43 41.1 1228856 769060 2312 42.1 68.6 334.0
0:48.75 41.1 1237832 769444 2312 41.2 63.6 325.7
0:49.07 41.2 1244960 771616 2312 45.0 66.9 305.7
0:49.39 41.3 1252352 771764 2312 43.8 65.8 297.7
0:49.72 41.4 1260536 773664 2312 47.1 64.6 283.4
0:50.04 41.5 1268456 776348 2312 42.1 72.4 259.8
0:50.36 41.0 1273868 767520 2312 38.1 74.9 255.8
0:50.71 41.3 1279280 773064 2312 30.4 64.3 255.8
0:51.02 41.3 1284428 772788 2312 20.0 75.5 234.7
0:51.31 41.3 1289972 773268 2312 31.2 64.0 226.0
0:51.70 41.3 1297892 772116 2312 31.6 68.4 208.2
0:52.03 41.1 1304492 769316 2312 47.1 70.1 198.5
0:52.35 41.4 1312148 774752 2312 38.9 74.7 182.2
0:52.66 41.4 1317692 774484 2312 38.9 64.8 164.7
0:52.99 41.2 1322840 770216 2312 43.8 66.8 160.5
0:53.33 41.4 1328780 773936 2312 36.8 72.1 142.0
0:53.65 41.2 1334852 771640 2312 50.0 71.3 131.2
0:53.96 41.3 1341056 773044 2312 44.4 63.7 121.7
0:54.31 41.5 1348316 776272 2312 33.3 71.0 103.2
0:54.64 41.4 1353992 774688 2312 50.0 63.9 92.2
0:54.95 41.1 1360064 768488 2312 38.9 71.0 73.7
0:55.27 41.5 1367984 775620 2312 38.9 80.0 50.2
0:55.59 41.3 1375376 772592 2304 50.0 63.5 40.2
0:55.90 41.4 1382900 773776 2304 45.0 63.2 21.6
0:56.22 41.3 1389632 772468 2304 43.8 68.9 21.6
0:56.56 41.6 1396100 778804 2304 44.4 71.5 3.3
0:56.91 41.5 1403096 776504 2304 50.0 63.1 0.0
0:58.93 42.8 1430816 801516 1732 33.6 882.1 331.4
0:59.48 43.5 1442564 813132 1732 81.2 870.1 331.4
0:59.99 44.0 1452992 823692 1732 82.4 858.5 331.4
1:00.48 44.6 1464476 835044 1732 83.3 848.3 331.4
1:00.96 45.1 1473716 844284 1732 77.8 838.2 331.4
1:01.47 45.7 1483748 854316 1732 72.2 829.6 331.4
1:01.95 46.1 1492724 863292 1732 88.2 818.3 331.4
1:02.51 46.9 1506056 876756 1732 88.9 806.9 331.4
1:03.05 47.6 1519124 889692 1732 84.2 794.1 331.4
1:03.57 48.2 1532060 902628 1732 94.1 782.8 331.4
1:04.09 48.9 1544204 914772 1732 78.9 769.1 331.4
1:04.64 49.6 1557272 927972 1732 88.2 756.1 331.4
1:05.13 50.3 1569812 940380 1732 82.4 744.4 331.4
1:05.61 50.9 1580900 951468 1732 77.8 733.3 331.4
1:06.10 51.5 1592516 963084 1732 83.3 722.1 331.4
1:06.58 52.1 1603868 974436 1732 76.5 710.3 331.4
1:07.08 52.7 1616276 986844 1732 76.5 698.7 331.4
1:07.56 53.4 1627760 998460 1732 94.1 687.4 331.4
1:08.04 54.0 1640168 987.2m 1732 76.5 675.1 331.4
1:08.50 54.6 1651388 998.0m 1732 66.7 664.7 331.4
1:09.00 55.3 1663664 1.0g 1732 76.5 651.9 331.4
1:09.49 55.9 1675280 1.0g 1732 77.8 641.3 331.4
1:09.99 56.5 1686896 1.0g 1732 66.7 629.3 331.4
1:10.44 57.1 1698380 1.0g 1732 73.3 618.7 331.4
1:10.92 57.7 1709072 1.0g 1732 76.5 607.7 331.4
1:11.36 58.3 1719368 1.0g 1732 72.2 599.2 331.4
1:11.84 58.7 1727552 1.0g 1732 66.7 591.2 331.4
1:12.32 59.2 1736528 1.1g 1732 76.5 582.1 331.4
1:12.77 59.7 1746560 1.1g 1732 70.6 572.0 331.4
1:13.30 60.3 1758044 1.1g 1732 84.2 560.8 331.4
1:13.80 60.9 1768868 1.1g 1732 57.9 549.8 331.4
1:14.32 61.5 1779296 1.1g 1732 78.9 539.5 331.4
1:14.83 62.1 1791704 1.1g 1732 82.4 528.2 331.4
1:15.33 62.8 1803848 1.1g 1732 76.5 516.4 331.4
1:15.82 63.4 1815992 1.1g 1732 72.2 505.2 331.4
1:16.30 64.0 1826948 1.1g 1732 73.3 493.8 331.4
1:16.77 64.6 1838168 1.2g 1732 76.5 483.4 331.4
1:17.25 65.2 1850180 1.2g 1732 77.8 471.2 331.4
1:17.72 65.9 1861796 1.2g 1732 61.1 460.1 331.4
1:18.21 66.5 1873412 1.2g 1732 70.6 448.2 331.4
1:18.70 67.1 1884236 1.2g 1732 64.7 438.0 331.4
1:19.16 67.6 1894532 1.2g 1732 66.7 427.4 331.4
1:19.66 68.3 1906412 1.2g 1732 64.7 416.1 331.4
1:20.15 68.9 1917896 1.2g 1732 70.6 405.0 331.6
1:20.63 69.6 1930964 1.2g 1732 82.4 389.0 331.6
1:21.12 70.4 1946540 1.3g 1732 75.0 374.0 331.6
1:21.63 71.3 1962644 1.3g 1732 76.5 357.8 331.6
1:22.14 72.1 1978352 1.3g 1732 82.4 342.6 331.6
1:22.67 72.9 1993532 1.3g 1732 87.5 326.4 331.6
1:23.18 73.8 2009504 1.3g 1732 82.4 311.9 331.6
1:23.69 74.6 2025080 1.3g 1732 75.0 297.2 331.6
1:24.19 75.4 2040392 1.3g 1732 76.5 281.5 331.6
1:24.70 76.3 2056364 1.4g 1732 77.8 265.5 331.6
1:25.21 77.1 2072732 1.4g 1732 93.8 250.9 331.6
1:25.70 78.0 2088440 1.4g 1732 73.3 235.0 331.6
1:26.21 78.8 2104016 1.4g 1732 70.6 220.5 331.6
1:26.69 79.6 2118932 1.4g 1732 76.5 205.8 331.6
1:27.18 80.4 2134508 1.4g 1732 72.2 190.6 331.6
1:27.66 81.2 2149292 1.4g 1732 66.7 175.0 331.6
1:28.15 82.0 2164340 1.5g 1732 76.5 159.3 331.6
1:28.61 82.8 2179124 1.5g 1732 75.0 145.5 331.6
1:29.08 83.6 2193776 1.5g 1732 61.1 133.3 331.6
1:29.57 84.2 2205128 1.5g 1732 70.6 121.4 331.6
1:30.04 84.8 2215820 1.5g 1732 61.1 110.2 331.6
1:30.50 85.4 2227040 1.5g 1732 70.6 100.8 331.6
1:30.98 86.0 2238788 1.5g 1732 76.5 88.9 331.6
1:31.44 86.6 2250404 1.5g 1732 66.7 77.3 331.6
1:31.91 87.2 2261624 1.6g 1732 70.6 65.1 330.0
1:32.38 87.7 2272976 1.6g 1732 70.6 69.2 321.4
1:32.92 87.7 2284988 1.6g 1732 66.7 74.6 311.3
1:33.42 88.0 2296076 1.6g 1732 76.5 64.1 301.3
1:33.90 87.8 2306240 1.6g 1732 77.8 69.3 297.3
1:34.37 87.9 2317856 1.6g 1732 42.9 69.2 288.5
1:34.83 88.2 2329208 1.6g 1732 52.9 75.5 272.7
1:35.36 88.3 2342144 1.6g 1732 77.8 63.5 263.5
1:35.86 88.4 2353628 1.6g 1732 82.4 59.5 261.8
1:36.28 87.4 2363792 1.6g 1732 38.9 88.6 227.8
1:36.77 87.6 2375936 1.6g 1732 72.2 78.9 225.9
1:37.30 88.2 2388476 1.6g 1732 82.4 66.4 225.9
1:37.75 87.9 2398772 1.6g 1732 58.8 75.1 204.2
1:38.21 88.2 2409200 1.6g 1732 66.7 64.8 199.6
1:38.66 88.3 2419496 1.6g 1732 82.4 63.8 162.3
1:39.25 87.2 2433356 1.6g 1732 88.2 81.1 162.3
1:39.75 87.8 2445104 1.6g 1732 76.5 69.0 162.3
1:40.25 88.1 2457116 1.6g 1732 68.8 74.2 144.9
1:40.72 88.1 2468600 1.6g 1732 66.7 66.6 121.7
1:41.12 87.3 2477708 1.6g 1732 76.5 75.1 121.7
1:41.58 87.9 2488136 1.6g 1732 72.2 64.4 116.4
1:42.04 87.8 2498432 1.6g 1732 76.5 62.4 103.6
1:42.42 86.3 2507276 1.5g 1732 31.2 90.9 70.2
1:42.87 86.6 2517836 1.5g 1732 68.8 80.6 70.2
1:43.33 87.2 2529188 1.6g 1732 70.6 68.7 70.2
1:43.84 87.8 2541596 1.6g 1732 82.4 59.0 49.3
1:44.24 87.2 2551100 1.6g 1732 72.2 72.2 47.2
1:44.71 87.8 2562056 1.6g 1732 72.2 68.0 40.8
1:45.17 87.4 2573540 1.6g 1732 55.6 80.0 19.0
1:45.63 87.4 2583968 1.6g 1732 88.2 66.6 19.0
1:46.10 87.5 2594132 1.6g 1732 64.7 77.9 0.9
1:46.58 87.6 2605880 1.6g 1732 76.5 63.6 0.0
1:50.57 0.0 0 0 0 0.0 1675.7 730.7
1673.9 730.7
1672.9 730.7
1672.8 730.7
1672.8 730.7
1673.5 730.7
1672.9 730.7
1672.8 730.7
1672.8 730.7
1672.9 730.7
1672.8 730.7
1672.8 730.7
1672.8 730.7
1672.8 730.7
1672.8 730.7
1672.8 730.7
1672.8 730.7
1672.8 730.7
1672.8 730.7
1672.8 730.7
1672.6 730.7
1672.6 730.7
1672.5 730.7
1671.4 730.7
1671.2 730.7
1671.2 730.7
1671.2 730.7
1671.2 730.7
1671.3 730.7
1671.1 730.7
1671.1 730.7
1671.1 730.7
1671.1 730.7
1671.1 730.7
1670.9 730.7
1670.9 730.7
1670.9 730.7
1670.9 730.7
1670.9 730.7
1670.9 730.7
1670.7 730.7
1670.7 730.7
1670.7 730.7
1670.8 730.7
1670.7 730.7
1670.7 730.7
1670.7 730.7
1670.7 730.7
1670.6 730.7
1670.6 730.7
1670.7 730.7
1670.7 730.7
1670.6 730.7
1670.6 730.7
1670.6 730.7
1670.7 730.7
1670.6 730.7
1670.7 730.7
1670.6 730.7
1670.6 730.7
1670.6 730.7
1670.6 730.7
1670.8 730.7
1670.8 730.7
1670.8 730.7
1670.8 730.7
1670.7 730.7
1670.7 730.7
1670.8 730.7
1670.7 730.7
1670.7 730.7
1670.8 730.7
1670.7 730.7
1670.8 730.7
1670.7 730.7
1670.8 730.7
1670.8 730.7
1670.7 730.7
1670.7 730.7
1670.6 730.7
1670.6 730.7
1670.7 730.7
1670.6 730.7
1670.6 730.7
1670.6 730.7
1670.6 730.7
1670.6 730.7
1670.6 730.7
1670.6 730.7
1670.7 730.7
1670.6 730.7
1670.6 730.7
1670.6 730.7
1670.6 730.7
1670.6 730.7
1670.6 730.7
1670.6 730.7
1670.6 730.7
1670.6 730.7
1670.6 730.7
1670.6 730.7
1670.6 730.7
1670.6 730.7
1670.6 730.7
1670.6 730.7
1670.6 730.7
1670.6 730.7
1670.6 730.7
1670.6 730.7
1670.6 730.7
1670.6 730.7
1670.6 730.7
1670.6 730.7
1670.6 730.7
1670.6 730.7
1670.6 730.7
1670.6 730.7
1670.6 730.7
1670.5 730.7
1670.5 730.7
1670.5 730.7
1670.6 730.7
1670.5 730.7
1670.5 730.7
1670.5 730.7
1670.6 730.7
1670.6 730.7
1670.5 730.7
1670.5 730.7
1670.5 730.7
1670.5 730.7
1670.5 730.7
1670.5 730.7
1670.5 730.7
1670.5 730.7
1670.5 730.7
1670.5 730.7
1670.6 730.7
1670.5 730.7
1670.5 730.7
1670.5 730.7
1670.5 730.7
1670.5 730.7
1670.5 730.7
1670.5 730.7
1670.5 730.7
1670.5 730.7
1670.5 730.7
1670.5 730.7
1670.5 730.7
1670.5 730.7
1670.7 731.2
1670.7 731.2
1670.8 731.2
1670.8 731.2
1670.8 731.2
1670.8 731.2
1670.8 731.2
1670.8 731.2
1670.7 731.2
1670.8 731.2
1670.8 731.2
1670.8 731.2
1670.7 731.2
1670.7 731.2
1670.8 731.2
1670.7 731.2
1670.7 731.2
1670.8 731.5
1665.5 732.0
1665.0 732.2
1662.7 732.7
1656.4 732.7
1656.4 732.7
1655.5 732.7
1655.6 732.7
1655.0 733.0
1655.0 733.0
1655.0 733.0
1655.0 733.0
1655.0 733.0
1655.0 733.0
1655.0 733.0
1655.0 733.0
1655.0 733.0
1646.3 733.0
1646.4 733.0
1646.3 733.0
1646.4 733.0
1648.5 733.0
1648.5 733.0
1648.5 733.0
1648.5 733.0
1648.5 733.0
1648.5 733.0
1648.5 733.0
1648.5 733.0
1648.5 733.0
1648.5 733.0
1648.4 733.0
1648.5 733.0
1648.4 733.0
1646.3 733.0
1646.2 733.0
1648.2 733.0
1648.4 733.0
1648.4 733.0
1648.4 733.0
1648.4 733.0
1648.4 733.0
1648.4 733.0
1648.4 733.0
1646.2 733.0
1646.2 733.0
1646.2 733.0
1646.2 733.0
1648.4 733.0
1648.4 733.0
1648.4 733.0
1648.4 733.0
1647.3 733.0
1646.2 733.0
1646.2 733.0
1646.2 733.0
1646.2 733.0
1646.2 733.0
1646.2 733.0
1646.2 733.0
1646.2 733.0
1646.2 733.0
1646.2 733.0
1646.2 733.0
1646.2 733.0
1646.2 733.0
1648.3 733.0
1648.3 733.0
1648.3 733.0
1648.3 733.0
1648.3 733.0
1648.3 733.0
1649.3 733.0
1649.3 733.0
1647.7 733.0
1647.8 733.0
1647.8 733.0
1647.9 733.0
1647.8 733.0
1649.3 733.0
1648.4 733.0
1648.4 733.0
1648.4 733.0
1648.4 733.0
1646.8 733.0
1646.9 733.0
1647.1 733.0
1647.3 733.0
1647.2 733.0
1646.8 733.0
1647.0 733.0
1646.9 733.0
1646.8 733.0
1646.8 733.0
1646.8 733.0
1646.9 733.0
1648.1 733.0
1648.4 733.0
1648.4 733.0
1648.4 733.0
1648.4 733.0
1646.7 733.0
1646.8 733.0
1648.4 733.0
1648.4 733.0
1647.2 733.0
1646.8 733.0
1648.4 733.0
1648.4 733.0
1648.4 733.0
1648.4 733.0
1648.3 733.0
1648.3 733.0
1648.3 733.0
1648.3 733.0
1648.3 733.0
1648.3 733.0
1648.3 733.0
1648.3 733.0
1648.3 733.0
1648.3 733.0
