Time MEM Virt Res SHR CPU free swap
0:00.11 0.3 224600 5140 2840 50.0 1425.7 820.0
0:00.46 0.6 231332 11736 2840 38.9 1413.9 820.0
0:00.78 1.0 237404 17808 2840 45.0 1401.4 820.0
0:01.13 1.3 244400 24936 2840 50.0 1387.1 820.0
0:01.51 1.7 251660 32064 2840 43.8 1374.9 820.0
0:01.86 2.1 257864 38400 2840 38.9 1362.4 820.0
0:02.21 2.4 264464 45000 2840 45.0 1347.4 820.0
0:02.53 2.7 269348 49752 2840 37.5 1338.2 820.0
0:02.79 2.9 272912 53448 2840 15.0 1326.4 820.0
0:03.14 3.1 278324 58728 2840 33.3 1315.0 820.0
0:03.44 3.4 284000 64536 2840 37.5 1304.0 820.0
0:03.74 3.8 290732 71136 2840 40.0 1290.8 820.0
0:04.06 4.2 297992 78528 2840 42.1 1275.7 820.0
0:04.41 4.6 305912 86448 2840 47.4 1260.5 820.0
0:04.73 5.0 313040 93576 2840 35.0 1246.4 820.0
0:05.07 5.4 321092 101496 2840 41.2 1232.0 820.0
0:05.39 5.8 328484 108888 2840 36.8 1216.6 820.0
0:05.71 6.2 335744 116280 2840 35.3 1202.1 820.0
0:06.04 6.6 343136 123672 2840 38.9 1188.9 820.0
0:06.37 7.0 350792 131328 2840 35.3 1174.3 820.0
0:06.70 7.4 358052 138456 2840 41.2 1159.3 820.0
0:07.00 7.8 365180 145584 2840 33.3 1145.2 820.0
0:07.32 8.2 372308 152712 2840 36.8 1132.3 820.0
0:07.64 8.5 379304 159840 2840 46.7 1118.7 820.0
0:07.94 8.9 385904 166440 2840 35.0 1104.7 820.0
0:08.26 9.3 393692 174096 2840 38.9 1090.7 820.0
0:08.55 9.7 400688 181224 2840 31.6 1076.9 820.0
0:08.88 10.1 408740 189144 2840 47.4 1060.5 820.0
0:09.22 10.5 416660 197064 2840 42.1 1047.6 820.0
0:09.55 10.9 424052 204456 2840 38.9 1032.0 820.0
0:09.87 11.3 431444 211848 2840 43.8 1017.0 820.0
0:10.19 11.7 439100 219504 2840 36.8 1002.6 820.0
0:10.53 12.2 447020 227424 2840 41.2 985.9 820.0
0:10.87 12.6 455072 235608 2840 47.4 970.8 820.0
0:11.20 13.0 463124 243528 2840 50.0 954.2 820.0
0:11.52 13.5 471572 251976 2840 38.9 939.3 820.0
0:11.85 13.9 479228 259632 2840 37.5 923.9 820.0
0:12.16 14.3 487016 267552 2840 33.3 908.3 820.0
0:12.49 14.7 495068 275472 2840 44.4 892.8 820.0
0:12.79 15.1 502724 283128 2840 47.1 877.8 820.0
0:13.13 15.6 511304 291840 2840 42.1 862.0 820.0
0:13.44 16.0 519224 299760 2840 44.4 846.2 820.0
0:13.77 16.4 527276 307680 2840 47.4 830.4 820.0
0:14.07 16.9 535064 315600 2840 35.3 815.1 820.0
0:14.38 17.3 542852 323256 2840 30.0 799.9 820.0
0:14.70 17.7 550904 331440 2840 41.2 784.2 820.0
0:15.02 18.1 558824 339360 2840 33.3 771.1 820.0
0:15.32 18.5 565292 345696 2840 31.2 757.9 820.0
0:15.63 18.8 571364 351768 2840 41.2 745.5 820.0
0:15.98 19.1 577436 357840 2840 38.9 733.5 820.0
0:16.33 19.5 583904 364440 2840 38.9 721.5 820.0
0:16.68 19.8 589184 369720 2840 31.2 711.7 820.0
0:17.05 20.0 593672 374208 2840 23.8 701.6 820.0
0:17.41 20.2 597896 378432 2840 43.8 691.5 820.0
0:17.71 20.5 603572 383976 2840 40.0 681.5 820.0
0:18.01 20.9 610172 390576 2840 31.6 670.1 820.0
0:18.37 21.2 615320 395856 2840 47.4 658.5 820.0
0:18.66 21.5 620864 401400 2840 31.6 648.9 820.0
0:19.00 21.8 626804 407208 2840 36.8 636.8 820.0
0:19.34 22.1 633272 413808 2840 30.4 622.4 820.0
0:19.72 22.5 640400 420936 2840 38.9 610.0 820.0
0:20.04 22.8 646208 426744 2840 40.0 598.8 820.0
0:20.35 23.1 652676 433080 2840 42.1 585.3 820.0
0:20.67 23.5 659804 440208 2840 38.9 571.9 820.0
0:21.01 23.9 666932 447336 2840 42.9 558.6 820.0
0:21.32 24.3 673796 454200 2840 44.4 544.8 820.0
0:21.67 24.7 681188 461592 2840 42.9 530.0 820.0
0:21.99 25.1 688316 468720 2840 45.0 516.0 820.0
0:22.30 25.4 695180 475584 2840 35.0 502.2 820.0
0:22.63 25.8 702044 482448 2840 42.1 488.8 820.0
0:22.95 26.2 708908 489312 2840 40.0 474.8 820.0
0:23.29 26.5 715772 496176 2840 50.0 461.4 820.0
0:23.62 27.0 724616 505152 2840 38.9 443.6 820.0
0:23.92 27.4 732404 512808 2840 41.2 428.2 820.0
0:24.22 27.8 739796 520200 2840 33.3 414.7 820.0
0:24.53 28.2 746264 526800 2840 31.6 401.5 820.0
0:24.86 28.5 753128 533664 2840 37.5 387.3 820.0
0:25.17 28.9 760124 540528 2840 38.9 373.2 820.0
0:25.48 29.3 767120 547656 2840 37.5 359.3 820.0
0:25.84 29.8 776096 556632 2840 38.9 341.1 820.0
0:26.16 30.2 785336 565872 2840 38.9 323.2 820.0
0:26.49 30.7 794708 575112 2840 37.5 304.4 820.0
0:26.83 31.2 804212 584616 2840 38.9 286.3 820.0
0:27.15 31.7 813320 593856 2840 38.9 268.4 820.0
0:27.49 32.2 822692 603096 2840 47.1 251.0 820.0
0:27.79 32.7 830876 611280 2840 35.3 234.7 820.0
0:28.09 33.1 839588 619992 2840 36.8 217.3 820.0
0:28.41 33.6 847508 627912 2840 40.0 201.0 820.0
0:28.74 34.1 857540 637944 2840 41.2 181.0 820.0
0:29.08 34.6 867836 648240 2840 38.9 160.5 820.0
0:29.42 35.2 878264 658800 2840 44.4 142.4 820.0
0:29.76 35.6 886184 666720 2840 35.3 128.8 820.0
0:30.09 36.0 892388 672792 2840 38.9 117.1 820.0
0:30.38 36.2 896480 677016 2840 36.8 107.7 820.0
0:30.70 36.5 902948 683352 2840 31.2 94.4 820.0
0:31.01 36.9 909152 689688 2840 35.0 82.8 820.0
0:31.32 37.2 915092 695496 2840 35.3 70.5 820.0
0:31.63 37.5 921296 701832 2840 33.3 65.8 819.5
0:31.98 37.9 928160 708360 2508 29.4 76.8 818.7
0:32.29 38.2 934364 714432 2508 41.2 65.4 818.7
0:32.56 38.5 939776 719976 2508 25.0 76.9 816.5
0:32.85 38.8 945848 726048 2508 33.3 65.3 815.5
0:33.15 39.1 951788 731856 2508 33.3 67.3 815.5
0:33.47 39.5 958256 738456 2508 33.3 72.2 814.2
0:33.78 39.8 964328 744528 2508 42.1 73.8 813.0
0:34.09 40.1 969872 750072 2508 44.4 66.0 812.0
0:34.41 40.4 976208 756408 2508 38.9 69.6 811.5
0:34.73 40.8 983336 763536 2508 36.8 73.2 810.0
0:35.06 41.2 990992 771192 2508 50.0 75.8 806.2
0:35.39 41.5 997064 777260 2504 44.4 76.5 804.5
0:35.73 41.9 1003400 783472 2380 40.0 73.9 802.0
0:36.08 42.2 1010000 789968 2380 29.4 71.8 797.0
0:36.41 42.5 1014752 794720 2380 50.0 64.9 795.5
0:36.76 42.8 1020032 800000 2380 37.5 68.2 790.7
0:37.12 43.1 1025840 805760 2332 29.4 73.6 770.7
0:37.66 43.5 1034684 814472 2332 55.6 64.9 755.0
0:38.03 43.6 1040624 816448 2332 53.3 62.1 743.2
0:38.36 43.8 1046036 819680 2332 43.8 68.4 732.7
0:38.72 44.2 1052504 826280 2332 33.3 74.8 717.7
0:39.06 44.5 1058576 832352 2332 45.0 68.3 703.7
0:39.38 44.8 1064120 837896 2332 50.0 66.2 702.0
0:39.83 45.2 1071908 845552 2332 40.0 65.8 687.0
0:40.13 45.5 1077320 851096 2332 20.0 75.7 668.5
0:40.45 45.8 1082996 856640 2332 43.8 66.3 645.0
0:40.78 46.1 1088144 861920 2332 44.4 74.5 642.2
0:41.15 46.4 1094084 867728 2332 42.9 63.5 637.2
0:41.46 46.5 1098968 870696 2332 27.8 74.4 615.0
0:41.82 46.5 1105304 870888 2332 38.1 63.3 606.7
0:42.15 46.6 1111244 872328 2332 50.0 67.6 601.7
0:42.49 46.9 1117448 877356 2332 25.0 69.2 584.0
0:42.79 46.7 1122596 873268 2332 38.9 64.8 584.0
0:43.14 46.7 1128536 873912 2332 23.1 73.2 558.5
0:43.46 46.8 1134344 874868 2332 44.4 63.6 547.4
0:43.82 46.7 1140944 874080 2332 43.8 65.2 542.1
0:44.16 46.6 1146488 871560 2332 31.6 74.9 526.1
0:44.52 46.9 1152956 877896 2332 50.0 63.4 515.8
0:44.82 46.7 1158500 874316 2332 44.4 68.0 507.8
0:45.14 46.9 1164572 878128 2332 29.4 75.6 490.7
0:45.46 46.9 1170248 877360 2332 33.3 63.5 487.0
0:45.95 46.8 1178828 875672 2300 31.8 73.9 458.2
0:46.31 46.9 1186748 877728 2300 47.4 73.0 447.2
0:46.63 47.1 1194800 880724 2300 50.0 68.0 431.0
0:46.91 46.9 1200740 878296 2300 36.8 67.1 428.5
0:47.25 47.1 1209320 881492 2300 50.0 68.4 393.0
0:47.53 46.7 1215920 873444 2300 35.0 69.3 393.0
0:47.82 46.7 1223576 874224 2300 27.8 77.3 369.5
0:48.14 46.8 1232024 875500 2300 52.9 72.7 353.0
0:48.43 46.7 1239944 872968 2300 43.8 69.2 334.0
0:48.75 46.5 1248524 870768 2300 44.4 63.6 321.7
0:49.05 46.4 1255388 868924 2300 38.9 66.1 305.7
0:49.39 46.4 1263044 868704 2300 47.1 65.2 297.7
0:49.72 46.5 1270964 870632 2300 50.0 64.0 283.4
0:50.03 46.7 1278752 873240 2300 40.0 71.3 259.8
0:50.35 46.2 1284428 864556 2300 35.3 75.3 255.8
0:50.67 46.5 1289444 869572 2300 27.8 65.5 255.8
0:50.97 46.6 1293932 872568 2300 29.4 73.8 234.7
0:51.28 46.4 1299740 868724 2300 44.4 62.4 227.7
0:51.70 46.4 1308452 868032 2300 33.3 68.4 208.2
0:52.01 46.3 1315316 865900 2300 42.1 69.5 198.5
0:52.35 46.5 1322312 870744 2300 38.1 76.3 182.2
0:52.68 46.5 1328384 870752 2300 47.4 67.2 163.7
0:52.99 46.4 1334456 867176 2300 47.1 65.3 162.0
0:53.33 46.6 1341188 871308 2300 38.1 72.1 142.0
0:53.62 46.4 1346600 867784 2300 36.8 67.9 131.2
0:53.92 46.4 1352408 867288 2300 38.9 63.3 122.5
0:54.32 46.4 1360064 868960 2300 38.9 70.4 103.2
0:54.61 46.1 1365608 863240 2300 37.5 64.0 98.7
0:54.94 45.5 1372208 852148 2300 35.3 71.6 73.7
0:55.26 45.9 1379996 857940 2300 31.6 80.6 50.2
0:55.58 45.7 1387520 854524 2292 45.0 64.1 40.2
0:55.89 45.7 1394648 855132 2292 52.9 63.3 21.6
0:56.21 45.6 1401512 853676 2292 42.1 69.0 21.6
0:56.56 45.9 1406792 858956 2292 47.4 73.8 3.3
0:56.87 45.7 1412996 855648 2292 38.9 63.5 0.0
881.5 331.4
870.6 331.4
858.4 331.4
848.2 331.4
838.7 331.4
829.3 331.4
818.9 331.4
806.1 331.4
793.4 331.4
781.5 331.4
768.5 331.4
756.5 331.4
744.8 331.4
733.7 331.4
722.5 331.4
710.9 331.4
699.2 331.4
687.5 331.4
675.7 331.4
664.1 331.4
652.6 331.4
641.4 331.4
630.2 331.4
619.8 331.4
608.6 331.4
599.6 331.4
591.1 331.4
583.6 331.4
573.7 331.4
564.4 331.4
554.0 331.4
542.9 331.4
531.3 331.4
519.3 331.4
508.1 331.4
497.5 331.4
486.1 331.4
474.3 331.4
463.3 331.4
451.9 331.4
441.8 331.4
430.9 331.4
419.3 331.4
408.1 331.4
393.4 331.6
378.1 331.6
362.5 331.6
347.1 331.6
331.5 331.6
316.2 331.6
301.4 331.6
286.6 331.6
271.0 331.6
254.8 331.6
239.4 331.6
224.8 331.6
210.3 331.6
194.9 331.6
180.8 331.6
166.1 331.6
151.4 331.6
136.6 331.6
125.1 331.6
115.3 331.6
104.6 331.6
92.7 331.6
81.1 331.6
70.5 331.6
65.3 328.3
64.8 319.9
71.9 311.3
74.7 297.3
65.2 288.5
65.1 286.8
71.8 272.7
70.0 263.3
64.4 239.6
85.5 225.9
73.0 225.9
66.3 209.9
73.2 204.2
61.9 196.4
90.3 162.3
77.6 162.3
64.8 159.5
70.1 144.9
79.2 121.7
72.9 121.7
62.3 110.8
63.5 89.5
89.4 70.2
78.6 70.2
67.9 70.2
64.9 47.2
70.6 47.2
69.6 40.8
78.8 19.0
66.7 19.0
74.9 0.9
64.3 0.0
1673.8 730.7
1673.7 730.7
1672.8 730.7
1672.8 730.7
1672.8 730.7
1672.8 730.7
1672.8 730.7
1672.8 730.7
1672.8 730.7
1672.8 730.7
1672.8 730.7
1672.7 730.7
1672.8 730.7
1672.7 730.7
1672.8 730.7
1672.8 730.7
1672.8 730.7
1672.8 730.7
1672.7 730.7
1672.8 730.7
1672.7 730.7
1672.6 730.7
1672.6 730.7
1671.3 730.7
1671.2 730.7
1671.2 730.7
1671.2 730.7
1671.2 730.7
1671.2 730.7
1671.1 730.7
1671.1 730.7
1671.1 730.7
1671.1 730.7
1671.1 730.7
1670.9 730.7
1670.9 730.7
1670.9 730.7
1670.9 730.7
1670.9 730.7
1670.9 730.7
1670.7 730.7
1670.7 730.7
1670.7 730.7
1670.7 730.7
1670.7 730.7
1670.7 730.7
1670.7 730.7
1670.6 730.7
1670.6 730.7
1670.7 730.7
1670.6 730.7
1670.7 730.7
1670.6 730.7
1670.6 730.7
1670.6 730.7
1670.7 730.7
1670.6 730.7
1670.6 730.7
1670.6 730.7
1670.6 730.7
1670.7 730.7
1670.6 730.7
1670.7 730.7
1670.8 730.7
1670.8 730.7
1670.8 730.7
1670.8 730.7
1670.7 730.7
1670.8 730.7
1670.8 730.7
1670.8 730.7
1670.8 730.7
1670.7 730.7
1670.8 730.7
1670.8 730.7
1670.7 730.7
1670.7 730.7
1670.7 730.7
1670.6 730.7
1670.6 730.7
1670.6 730.7
1670.6 730.7
1670.7 730.7
1670.6 730.7
1670.6 730.7
1670.6 730.7
1670.6 730.7
1670.6 730.7
1670.6 730.7
1670.6 730.7
1670.6 730.7
1670.6 730.7
1670.6 730.7
1670.6 730.7
1670.6 730.7
1670.6 730.7
1670.6 730.7
1670.6 730.7
1670.6 730.7
1670.6 730.7
1670.6 730.7
1670.6 730.7
1670.6 730.7
1670.6 730.7
1670.6 730.7
1670.6 730.7
1670.6 730.7
1670.6 730.7
1670.6 730.7
1670.6 730.7
1670.6 730.7
1670.6 730.7
1670.6 730.7
1670.6 730.7
1670.6 730.7
1670.6 730.7
1670.6 730.7
1670.6 730.7
1670.5 730.7
1670.6 730.7
1670.6 730.7
1670.6 730.7
1670.6 730.7
1670.6 730.7
1670.6 730.7
1670.6 730.7
1670.6 730.7
1670.6 730.7
1670.5 730.7
1670.5 730.7
1670.6 730.7
1670.5 730.7
1670.5 730.7
1670.5 730.7
1670.5 730.7
1670.6 730.7
1670.6 730.7
1670.6 730.7
1670.6 730.7
1670.5 730.7
1670.5 730.7
1670.5 730.7
1670.5 730.7
1670.5 730.7
1670.5 730.7
1670.5 730.7
1670.5 730.7
1670.5 730.7
1670.6 730.7
1670.5 730.7
1670.5 730.7
1670.5 731.2
1670.7 731.2
1670.8 731.2
1670.8 731.2
1670.8 731.2
1670.8 731.2
1670.8 731.2
1670.8 731.2
1670.8 731.2
1670.7 731.2
1670.8 731.2
1670.8 731.2
1670.7 731.2
1670.7 731.2
1670.7 731.2
1670.7 731.2
1670.7 731.2
1670.8 731.2
1666.3 732.0
1665.4 732.2
1664.2 732.7
1655.5 732.7
1655.5 732.7
1655.4 732.7
1655.5 732.7
1655.0 733.0
1655.0 733.0
1655.0 733.0
1655.0 733.0
1655.0 733.0
1655.0 733.0
1655.0 733.0
1655.0 733.0
1655.0 733.0
1652.9 733.0
1646.4 733.0
1646.4 733.0
1646.3 733.0
1646.3 733.0
1648.6 733.0
1648.5 733.0
1648.5 733.0
1648.5 733.0
1648.5 733.0
1648.5 733.0
1648.5 733.0
1648.5 733.0
1648.4 733.0
1648.5 733.0
1648.5 733.0
1648.4 733.0
1648.4 733.0
1646.2 733.0
1646.2 733.0
1648.4 733.0
1648.4 733.0
1648.4 733.0
1648.4 733.0
1648.4 733.0
1648.4 733.0
1648.4 733.0
1646.2 733.0
1646.2 733.0
1646.2 733.0
1646.2 733.0
1648.4 733.0
1648.4 733.0
1648.4 733.0
1648.4 733.0
1648.4 733.0
1646.2 733.0
1646.2 733.0
1646.3 733.0
1646.2 733.0
1646.2 733.0
1646.2 733.0
1646.2 733.0
1646.2 733.0
1646.9 733.0
1646.3 733.0
1646.2 733.0
1646.2 733.0
1646.7 733.0
1648.3 733.0
1648.3 733.0
1648.3 733.0
1648.3 733.0
1648.3 733.0
1648.3 733.0
1648.3 733.0
1648.4 733.0
1648.3 733.0
1648.3 733.0
1647.8 733.0
1649.4 733.0
1648.5 733.0
1648.4 733.0
1648.4 733.0
1648.4 733.0
1648.7 733.0
1649.0 733.0
1648.5 733.0
1646.8 733.0
1646.8 733.0
1646.9 733.0
1646.8 733.0
1646.8 733.0
1646.8 733.0
1646.8 733.0
1646.8 733.0
1646.8 733.0
1646.8 733.0
1646.9 733.0
1646.8 733.0
1648.4 733.0
1648.4 733.0
1648.4 733.0
1649.3 733.0
1649.0 733.0
1647.5 733.0
1647.5 733.0
1649.3 733.0
1649.1 733.0
1646.9 733.0
1648.3 733.0
1648.3 733.0
1648.3 733.0
1648.9 733.0
1648.3 733.0
1648.3 733.0
1648.3 733.0
1648.3 733.0
1648.3 733.0
1648.3 733.0
1648.3 733.0
1648.3 733.0
1648.3 733.0
1648.3 733.0
1648.3 733.0
