Time MEM Virt Res SHR CPU free
0:00.14 0.4 227504 8136 2940 73.3 1682.2
0:00.46 1.0 237536 18164 2940 66.7 1674.2
0:00.73 1.3 243476 23972 2940 55.6 1668.8
0:01.03 1.6 250076 30572 2940 62.5 1661.0
0:01.33 2.1 257996 38492 2940 61.1 1654.3
0:01.60 2.4 264464 45092 2940 55.6 1647.7
0:01.87 2.7 270668 51428 2940 62.5 1642.6
0:02.13 3.1 277664 58292 2940 56.2 1635.1
0:02.41 3.5 285716 66212 2940 52.9 1626.4
0:02.72 4.0 294956 75452 2940 68.8 1618.2
0:03.00 4.5 302876 83372 2940 70.6 1609.9
0:03.28 5.0 311984 92612 2940 66.7 1601.4
0:03.58 5.4 319904 100532 2940 72.2 1593.3
0:03.88 5.9 329012 109508 2940 72.2 1584.7
0:04.18 6.3 337856 118484 2940 68.8 1575.6
0:04.45 6.7 344060 124556 2940 52.9 1569.4
0:04.77 7.0 351188 131684 2940 76.5 1562.0
0:05.07 7.4 358448 139076 2940 61.1 1555.0
0:05.37 7.8 365444 145940 2940 50.0 1548.0
0:05.61 8.1 371516 152276 2940 52.9 1541.9
0:05.87 8.4 377324 157820 2940 47.4 1536.5
0:06.14 8.8 383924 164420 2940 52.9 1529.6
0:06.43 9.1 390128 170756 2940 52.6 1524.1
0:06.67 9.4 395540 176036 2940 50.0 1519.9
0:06.95 9.7 401612 182108 2940 62.5 1512.2
0:07.22 10.1 407816 188444 2940 57.9 1506.1
0:07.52 10.4 414680 195308 2940 64.7 1499.6
0:07.79 10.8 421016 201644 2940 52.6 1493.6
0:08.05 11.1 426956 207452 2940 47.4 1487.7
0:08.30 11.4 432764 213260 2940 56.2 1483.7
0:08.56 11.7 438176 218804 2940 62.5 1476.5
0:08.83 12.0 444116 224876 2940 47.4 1470.7
0:09.10 12.3 450320 230948 2940 56.2 1465.2
0:09.36 12.7 456656 237284 2940 61.1 1459.4
0:09.61 12.9 461540 242036 2940 57.9 1453.7
0:09.87 13.3 468008 248636 2940 57.9 1448.1
0:10.14 13.6 473948 254444 2940 58.8 1441.8
0:10.39 13.9 479888 260516 2940 55.6 1436.0
0:10.68 14.3 486488 267116 2940 61.1 1428.9
0:10.97 14.6 493352 273980 2940 66.7 1422.6
0:11.25 15.0 499556 280052 2940 61.1 1416.3
0:11.51 15.3 506156 286652 2940 62.5 1410.6
0:11.75 15.6 511700 292196 2940 56.2 1404.5
0:12.04 16.0 518300 298796 2940 64.7 1398.4
0:12.39 16.5 527144 307772 2940 78.9 1389.1
0:12.72 16.9 534668 315428 2940 72.2 1382.4
0:13.03 17.3 542588 323084 2940 70.6 1377.4
0:13.29 17.6 548924 329420 2940 52.9 1370.1
0:13.57 18.0 555920 336548 2940 64.7 1363.2
0:13.85 18.4 562916 343412 2940 56.2 1355.7
0:14.12 18.7 569384 350012 2940 56.2 1348.7
0:14.40 19.1 576248 356876 2940 55.0 1342.8
0:14.67 19.4 582848 363476 2940 64.7 1336.7
0:14.92 19.7 588656 369284 2940 56.2 1331.1
0:15.21 20.1 596048 376676 2940 64.7 1324.6
0:15.47 20.5 602252 382748 2940 55.6 1316.5
0:15.74 20.8 608852 389348 2940 55.6 1310.6
0:16.00 21.1 614924 395420 2940 43.8 1304.3
0:16.29 21.5 621920 402548 2940 57.9 1297.7
0:16.58 21.9 629312 409940 2940 62.5 1290.9
0:16.84 22.3 635648 416276 2940 58.8 1284.2
0:17.11 22.6 641852 422348 2940 61.1 1279.3
0:17.36 22.9 647660 428156 2940 62.5 1274.2
0:17.66 23.2 653864 434492 2940 68.8 1267.0
0:17.93 23.5 659804 440300 2940 64.7 1261.4
0:18.20 23.9 666536 447164 2940 58.8 1254.4
0:18.50 24.3 673268 453764 2940 63.2 1248.0
0:18.82 24.6 680264 460892 2940 70.6 1238.9
0:19.11 25.1 689108 469604 2940 62.5 1230.8
0:19.39 25.6 698084 478580 2940 70.6 1221.8
0:19.67 26.0 706664 487292 2940 64.7 1214.1
0:19.96 26.5 715508 496004 2940 66.7 1205.6
0:20.23 26.9 723164 503660 2940 58.8 1197.9
0:20.48 27.4 731348 511844 2940 55.6 1189.0
0:20.77 27.8 740192 520820 2940 56.2 1181.2
0:21.07 28.3 749168 529796 2940 70.6 1172.4
0:21.37 28.9 759332 540092 2940 62.5 1163.4
0:21.67 29.4 768704 549332 2940 62.5 1153.4
0:21.94 29.8 777284 557780 2940 56.2 1144.5
0:22.23 30.3 786788 567284 2940 58.8 1135.5
0:22.52 30.8 795896 576524 2940 66.7 1125.9
0:22.78 31.2 803684 584180 2940 52.9 1116.5
0:23.04 31.7 812132 592628 2940 64.7 1107.9
0:23.30 32.1 819788 600284 2940 55.6 1100.6
0:23.57 32.5 827708 608204 2940 55.6 1092.9
0:23.85 33.0 836156 616652 2940 58.8 1084.8
0:24.14 33.4 844472 625100 2940 58.8 1076.8
0:24.46 33.9 853976 634604 2940 81.2 1067.3
0:24.76 34.4 863348 643844 2940 58.8 1057.2
0:25.06 34.9 872324 652820 2940 60.0 1050.3
0:25.37 35.4 881828 662324 2940 66.7 1040.2
0:25.66 35.9 891332 671828 2940 55.6 1031.1
0:25.98 36.4 901364 681860 2940 66.7 1021.1
0:26.27 36.9 909944 690572 2940 62.5 1013.9
0:26.57 37.4 919184 699812 2940 68.8 1003.1
0:26.85 37.8 927500 707996 2940 70.6 994.3
0:27.11 38.3 935420 715916 2940 52.9 987.8
0:27.41 38.6 941492 721988 2940 63.2 982.4
0:27.69 39.1 950204 730700 2940 73.3 973.9
0:27.98 39.4 956672 737300 2940 58.8 966.0
0:28.26 39.8 963800 744428 2940 64.7 959.5
0:28.52 40.1 969608 750236 2940 52.9 953.3
0:28.82 40.5 976604 757100 2940 60.0 946.2
0:29.17 40.8 983468 763964 2940 75.0 941.7
0:29.52 41.2 989804 770300 2940 75.0 934.0
0:29.88 41.6 997460 777956 2940 73.7 926.5
0:30.21 41.9 1004060 784556 2940 66.7 920.8
0:30.52 42.3 1010924 791420 2940 66.7 913.9
0:30.83 42.7 1017656 798284 2940 57.1 908.6
0:31.13 43.0 1024652 805148 2940 62.5 901.4
0:31.42 43.3 1029932 810428 2940 55.6 896.2
0:31.73 43.6 1035872 816500 2940 61.1 889.3
0:32.08 44.1 1043792 824420 2940 76.5 881.6
0:32.39 44.4 1050920 831548 2940 65.0 874.2
0:32.66 44.8 1056728 837356 2940 50.0 868.8
0:32.96 45.1 1063856 844484 2940 63.2 861.3
0:33.28 45.6 1071776 852404 2940 73.7 854.0
0:33.61 46.0 1079828 860324 2940 72.2 845.7
0:33.94 46.4 1088012 868508 2940 64.7 837.2
0:34.28 46.8 1095800 876428 2940 63.2 831.5
0:34.56 47.2 1102268 882764 2940 58.8 826.3
0:34.85 47.5 1107284 887780 2940 55.6 820.8
0:35.16 47.8 1113752 894380 2940 76.5 813.4
0:35.48 48.2 1121276 901772 2940 76.5 807.7
0:35.80 48.5 1126556 907052 2940 58.8 802.9
0:36.09 48.8 1132496 913124 2940 61.1 796.2
0:36.36 49.1 1137908 918404 2940 61.1 789.2
0:36.63 49.4 1143584 924212 2940 50.0 783.9
0:36.94 49.8 1151372 931868 2940 68.2 775.8
0:37.27 50.3 1159820 940316 2940 75.0 766.9
0:37.60 50.7 1168268 948764 2940 88.2 759.5
0:37.93 51.1 1176452 956948 2940 76.5 752.9
0:38.23 51.6 1184372 964868 2940 58.8 745.6
0:38.53 51.9 1191236 971732 2940 64.7 738.7
0:38.83 52.3 1198760 979388 2940 66.7 730.1
0:39.10 52.7 1205756 986252 2940 52.9 723.2
0:39.40 53.1 1213412 994172 2940 75.0 716.2
0:39.69 53.5 1219880 977.1m 2940 64.7 709.5
0:39.97 53.9 1227140 984.0m 2940 61.1 702.4
0:40.28 54.3 1234928 991.8m 2940 66.7 694.3
0:40.60 54.7 1242584 999.2m 2940 70.6 686.8
0:40.90 55.1 1250108 1.0g 2940 64.7 679.9
0:41.19 55.5 1257104 1.0g 2940 58.8 672.7
0:41.44 55.8 1263704 1.0g 2940 68.8 666.1
0:41.71 56.2 1270436 1.0g 2940 52.9 659.8
0:41.96 56.5 1276640 1.0g 2940 47.1 654.5
0:42.21 56.8 1281656 1.0g 2940 47.1 649.7
0:42.47 57.1 1288388 1.0g 2940 52.9 642.7
0:42.76 57.6 1296176 1.0g 2940 62.5 633.9
0:43.04 58.1 1305680 1.0g 2940 50.0 624.5
0:43.35 58.6 1315448 1.0g 2940 66.7 614.4
0:43.65 59.1 1325348 1.1g 2940 61.1 605.2
0:43.95 59.6 1335380 1.1g 2940 62.5 594.7
0:44.26 60.2 1345148 1.1g 2940 75.0 583.4
0:44.60 60.7 1354784 1.1g 2940 88.2 574.5
0:44.92 61.3 1365608 1.1g 2940 82.4 564.3
0:45.24 61.8 1375640 1.1g 2940 76.5 554.9
0:45.54 62.3 1384616 1.1g 2940 76.5 546.0
0:45.82 62.7 1392008 1.1g 2940 64.7 538.4
0:46.11 63.1 1400720 1.1g 2940 68.8 529.8
0:46.42 63.6 1409696 1.1g 2940 77.8 520.7
0:46.74 64.2 1419860 1.1g 2940 77.8 511.4
0:47.07 64.7 1429760 1.2g 2940 70.0 501.3
0:47.40 65.2 1440188 1.2g 2940 68.8 489.7
0:47.73 65.8 1450484 1.2g 2940 63.2 480.3
0:48.00 66.2 1458932 1.2g 2940 60.0 472.0
0:48.27 66.7 1466852 1.2g 2940 66.7 463.5
0:48.56 67.2 1476224 1.2g 2940 64.7 454.8
0:48.83 67.6 1484540 1.2g 2940 61.1 446.5
0:49.12 68.1 1494044 1.2g 2940 64.7 437.0
0:49.41 68.6 1503548 1.2g 2940 61.1 427.0
0:49.73 69.2 1514108 1.2g 2940 75.0 418.9
0:50.02 69.5 1520708 1.2g 2940 70.6 412.2
0:50.30 69.9 1527176 1.2g 2940 61.1 405.4
0:50.60 70.3 1534436 1.3g 2940 66.7 398.1
0:50.89 70.7 1542752 1.3g 2940 64.7 389.9
0:51.18 71.1 1550012 1.3g 2940 66.7 383.2
0:51.48 71.6 1558460 1.3g 2940 70.6 374.3
0:51.77 72.0 1565852 1.3g 2940 63.2 368.5
0:52.03 72.3 1571396 1.3g 2940 52.4 363.3
0:52.29 72.5 1576280 1.3g 2940 44.4 357.7
0:52.55 72.9 1582748 1.3g 2940 52.9 352.4
0:52.82 73.2 1588424 1.3g 2940 43.8 345.9
0:53.09 73.5 1594364 1.3g 2940 50.0 341.0
0:53.36 73.8 1599248 1.3g 2940 56.2 336.6
0:53.63 74.0 1603076 1.3g 2940 52.6 333.3
0:53.91 74.2 1607828 1.3g 2940 50.0 329.2
0:54.19 74.5 1612712 1.3g 2940 35.3 323.9
0:54.46 74.7 1616672 1.3g 2940 50.0 320.8
0:54.74 74.9 1621292 1.3g 2940 58.8 315.3
0:54.99 75.2 1625384 1.3g 2940 47.1 311.2
0:55.22 75.3 1628948 1.3g 2940 47.4 308.0
0:55.49 75.6 1633304 1.3g 2940 40.0 303.2
0:55.79 75.8 1638320 1.4g 2940 64.7 298.1
0:56.06 76.0 1642148 1.4g 2940 50.0 294.7
0:56.31 76.2 1645844 1.4g 2940 50.0 291.1
0:56.56 76.4 1649540 1.4g 2940 50.0 286.8
0:56.87 76.7 1654952 1.4g 2940 62.5 281.2
0:57.17 77.0 1660364 1.4g 2940 68.8 277.3
0:57.47 77.3 1665512 1.4g 2940 61.1 271.3
0:57.75 77.5 1669868 1.4g 2940 64.7 266.8
0:58.04 77.8 1675940 1.4g 2940 64.7 260.3
0:58.32 78.2 1682540 1.4g 2940 58.8 254.1
0:58.57 78.5 1687952 1.4g 2940 52.9 248.7
0:58.83 78.8 1694156 1.4g 2940 50.0 243.4
0:59.10 79.1 1700228 1.4g 2940 53.3 236.4
0:59.36 79.5 1706168 1.4g 2940 52.6 230.0
0:59.67 79.9 1713296 1.4g 2940 63.2 223.0
0:59.97 80.2 1720556 1.4g 2940 64.7 217.1
1:00.28 80.6 1727948 1.4g 2940 66.7 210.7
1:00.57 81.0 1734812 1.4g 2940 72.2 204.6
1:00.84 81.3 1741280 1.5g 2940 64.7 197.8
1:01.12 81.7 1747616 1.5g 2940 64.7 190.5
1:01.37 82.0 1753028 1.5g 2940 46.7 186.5
1:01.64 82.3 1758836 1.5g 2940 61.1 181.1
1:01.91 82.6 1764776 1.5g 2940 50.0 174.4
1:02.19 82.9 1771244 1.5g 2940 62.5 167.8
1:02.45 83.3 1777316 1.5g 2940 52.9 163.4
1:02.73 83.6 1783256 1.5g 2940 61.1 156.9
1:02.98 83.8 1788140 1.5g 2940 50.0 152.5
1:03.26 84.2 1794608 1.5g 2940 61.1 145.7
1:03.54 84.6 1801472 1.5g 2940 66.7 138.1
1:03.81 84.9 1808072 1.5g 2940 58.8 131.8
1:04.10 85.3 1814408 1.5g 2940 66.7 125.6
1:04.34 85.6 1820084 1.5g 2940 52.9 119.8
1:04.61 85.9 1826948 1.5g 2940 55.6 113.2
1:04.90 86.3 1833812 1.5g 2940 57.9 105.9
1:05.18 86.7 1841204 1.5g 2940 55.6 99.4
1:05.48 87.1 1848596 1.6g 2940 66.7 91.7
1:05.77 87.5 1855724 1.6g 2940 60.0 85.5
1:06.00 87.8 1861532 1.6g 2940 50.0 79.7
1:06.28 88.1 1868528 1.6g 2940 58.8 74.4
1:06.57 88.5 1875128 1.6g 2940 64.7 65.9
1:06.87 88.9 1882124 1.6g 2940 55.6 65.7
1:07.17 88.9 1888856 1.6g 2584 50.0 65.2
1:07.51 89.1 1897436 1.6g 2584 58.8 68.7
1:07.87 89.0 1907204 1.6g 2584 81.2 58.1
1:08.18 88.7 1917368 1.6g 2584 52.6 62.8
1:08.52 88.8 1927268 1.6g 2584 52.6 77.7
1:08.88 88.6 1937960 1.6g 2584 84.2 70.3
1:09.18 88.7 1946936 1.6g 2584 76.5 62.9
1:09.49 89.1 1955516 1.6g 2584 66.7 59.8
1:09.79 88.8 1963568 1.6g 2584 64.7 61.1
1:10.09 88.6 1972412 1.6g 2584 63.2 66.1
1:10.38 89.1 1980860 1.6g 2584 68.8 69.0
1:10.66 88.2 1988912 1.6g 2584 50.0 69.7
1:10.99 88.7 1998548 1.6g 2584 87.5 78.3
1:11.27 88.5 2007128 1.6g 2584 77.8 68.4
1:11.59 89.0 2015972 1.6g 2584 64.7 75.6
1:11.84 88.6 2023760 1.6g 2584 62.5 65.3
1:12.11 88.5 2031548 1.6g 2584 47.1 70.9
1:12.39 88.8 2040392 1.6g 2584 68.8 60.7
1:12.71 89.3 2050556 1.6g 2584 70.6 51.9
1:12.97 88.4 2058212 1.6g 2584 31.2 77.5
1:13.26 88.4 2067188 1.6g 2584 76.5 66.3
1:13.57 88.4 2076296 1.6g 2584 64.7 74.0
1:13.86 88.4 2085932 1.6g 2584 64.7 64.6
1:14.14 88.4 2093984 1.6g 2584 47.1 72.2
1:14.43 88.6 2102300 1.6g 2584 70.6 63.0
1:14.70 87.9 2110352 1.6g 2584 41.2 76.6
1:15.02 88.4 2119856 1.6g 2584 68.8 69.9
1:15.33 88.8 2127116 1.6g 2584 76.5 68.4
1:15.58 88.5 2132924 1.6g 2584 55.6 68.4
1:15.86 88.3 2139788 1.6g 2584 55.6 69.5
1:16.16 88.7 2146784 1.6g 2584 61.1 61.9
1:16.50 88.3 2154440 1.6g 2584 82.4 68.7
1:16.78 88.7 2160908 1.6g 2584 64.7 71.9
1:17.07 88.4 2167508 1.6g 2584 88.9 64.7
1:17.35 88.6 2174636 1.6g 2584 58.8 85.2
1:17.62 87.8 2180972 1.6g 2584 66.7 77.8
1:17.92 88.2 2188100 1.6g 2584 70.6 71.0
1:18.21 88.6 2195492 1.6g 2584 68.8 63.0
1:18.45 88.4 2201168 1.6g 2584 44.4 75.0
1:18.71 88.0 2207372 1.6g 2584 64.7 73.7
1:19.00 88.4 2214500 1.6g 2584 72.2 66.0
1:19.29 88.8 2221892 1.6g 2584 61.1 71.4
1:19.54 88.3 2226776 1.6g 2584 66.7 68.1
1:19.81 88.7 2233904 1.6g 2584 61.1 65.8
1:20.05 88.2 2239052 1.6g 2584 50.0 74.0
1:20.38 88.4 2247764 1.6g 2584 77.8 68.3
1:20.67 88.7 2254364 1.6g 2584 68.8 75.4
1:20.95 88.5 2260832 1.6g 2584 72.2 64.0
1:21.18 88.0 2266508 1.6g 2584 27.8 73.1
1:21.50 88.3 2273768 1.6g 2584 82.4 64.7
1:21.81 88.4 2281160 1.6g 2584 57.9 73.3
1:22.12 88.3 2287760 1.6g 2584 81.2 68.2
1:22.42 88.7 2294360 1.6g 2584 70.6 68.7
1:22.68 88.1 2299772 1.6g 2584 64.7 71.0
1:22.98 88.5 2306768 1.6g 2584 58.8 64.0
1:23.23 88.0 2312180 1.6g 2584 33.3 73.4
1:23.52 88.4 2319176 1.6g 2584 66.7 67.2
1:23.79 88.7 2325644 1.6g 2584 63.2 72.6
1:24.10 88.2 2333300 1.6g 2584 59.1 66.0
1:24.43 88.5 2340164 1.6g 2584 60.0 71.9
1:24.66 88.3 2345576 1.6g 2584 58.8 63.6
1:24.95 88.6 2352044 1.6g 2584 57.9 56.5
1:25.23 89.0 2358248 1.6g 2584 61.1 58.3
1:25.55 88.3 2365640 1.6g 2584 72.2 65.4
1:25.87 88.5 2373428 1.6g 2584 61.1 61.0
1:26.16 88.9 2380424 1.6g 2584 64.7 56.8
1:26.39 87.6 2385836 1.6g 2584 22.2 91.6
1:26.63 87.1 2391776 1.6g 2584 64.7 86.6
1:26.90 87.4 2397980 1.6g 2584 55.6 80.6
1:27.17 87.7 2404316 1.6g 2584 58.8 74.8
1:27.43 88.0 2409860 1.6g 2584 55.6 69.4
1:27.71 88.4 2417120 1.6g 2584 64.7 73.7
1:27.95 87.5 2424776 1.6g 2584 68.8 74.9
1:28.28 88.0 2434016 1.6g 2584 64.7 67.7
1:28.56 88.2 2442596 1.6g 2584 64.7 72.0
1:28.86 88.2 2452364 1.6g 2584 61.1 62.9
1:29.13 87.7 2459756 1.6g 2584 38.9 70.9
1:29.42 88.2 2468600 1.6g 2584 72.2 62.7
1:29.66 87.7 2475332 1.6g 2584 31.6 70.5
1:29.96 87.7 2484572 1.6g 2584 72.2 68.3
1:30.27 88.2 2494340 1.6g 2584 72.2 72.1
1:30.50 87.8 2501864 1.6g 2584 45.5 66.3
1:30.80 88.3 2511104 1.6g 2584 66.7 72.0
1:31.04 87.6 2518760 1.6g 2584 72.2 74.3
1:31.29 87.6 2526548 1.6g 2584 68.8 65.0
1:31.54 87.7 2534204 1.6g 2584 42.1 60.5
1:31.85 87.3 2543972 1.6g 2584 82.4 70.5
1:32.17 87.8 2553476 1.6g 2584 82.4 67.2
1:32.45 87.7 2562188 1.6g 2584 76.5 65.1
1:32.76 88.0 2571296 1.6g 2584 70.6 76.1
1:33.05 87.5 2580008 1.6g 2584 76.5 67.1
1:33.33 88.0 2589116 1.6g 2584 64.7 73.8
1:33.96 87.6 2606936 1.6g 2584 88.9 69.7
1:36.38 0.0 0 0 0 6.4 1676.7
1674.5
1673.5
1673.5
1673.6
1672.6
1673.0
1673.1
1673.3
1672.6
1672.6
1672.6
1672.6
1671.9
1671.2
1671.2
1672.6
1671.8
1671.2
1671.1
1671.2
1671.1
1671.1
1671.1
1671.2
1671.2
1671.1
1671.1
1671.1
1671.1
1671.1
1671.1
1671.1
1671.1
1671.1
1671.1
1671.2
1671.1
1671.1
1671.2
1671.2
1671.1
1671.2
1671.2
1671.1
1671.1
1671.2
1671.2
1671.1
1671.1
1671.2
1671.2
1671.1
1671.0
1671.0
1671.0
1671.0
1671.0
1671.0
1671.0
1671.0
1671.0
1671.0
1671.0
1671.0
1671.0
1671.0
1671.0
1671.0
1671.0
1671.0
1671.0
1671.0
1671.0
1671.0
1671.0
1671.0
1671.0
1671.0
1671.0
1671.0
1671.0
1671.0
1671.0
1671.0
1671.0
1671.0
1671.0
1671.0
1671.0
1671.0
1671.0
1671.0
1671.0
1671.0
1670.9
1670.9
1671.0
1670.9
1671.0
1670.9
1670.9
1670.9
1671.0
1670.9
1670.9
1670.9
1671.0
1670.9
1671.0
1671.6
1671.6
1671.6
1672.6
1671.5
1671.9
1671.0
1671.5
1671.5
1671.5
1671.5
1671.5
1671.5
1672.3
1671.5
1671.3
1671.4
1671.4
1671.5
1671.4
1671.5
1671.4
1671.4
1670.8
1672.8
1672.1
1673.8
1672.4
1671.3
1671.4
1671.5
1671.3
1671.4
1671.8
1671.4
1671.4
1671.4
1671.4
1670.7
1670.7
1671.3
1672.0
1671.4
1671.3
1671.4
1670.7
1670.7
1670.7
1670.7
1670.7
1671.7
1672.5
1672.8
1671.3
1673.4
1671.4
1672.6
1671.5
1671.3
1672.1
1671.9
1671.3
1670.7
1671.3
1671.4
1670.7
1670.6
1671.6
1671.3
1671.3
1671.8
1671.3
1672.6
1671.7
1670.7
1670.6
1671.7
1670.7
1672.8
1671.9
1672.0
1672.1
1672.7
1672.5
1671.9
1672.5
1671.9
1672.6
1671.8
1671.3
1671.3
1671.3
1671.0
1671.0
1670.4
1670.4
1671.9
1671.8
1672.5
1671.1
1671.1
1670.5
1672.0
1671.1
1670.5
1670.5
1671.7
1671.1
1671.8
1671.6
