Time MEM Virt Res SHR CPU free
0:00.09 0.3 224468 5024 2996 40.0 1593.8
0:00.32 0.6 229748 10304 2996 45.0 1585.0
0:00.55 0.8 234764 15580 2996 35.3 1575.3
0:00.77 1.1 238988 19804 2996 42.1 1566.8
0:00.99 1.3 243872 24556 2996 42.1 1556.8
0:01.21 1.6 249020 29572 2996 50.0 1546.4
0:01.42 1.8 253904 34588 2996 35.0 1536.5
0:01.63 2.1 259184 39868 2996 36.8 1526.3
0:01.85 2.4 263936 44620 2996 38.9 1516.1
0:02.07 2.7 269084 49636 2996 44.4 1506.9
0:02.29 3.0 274760 55444 2996 42.1 1495.8
0:02.50 3.2 279908 60460 2996 36.8 1486.3
0:02.71 3.5 284792 65476 2996 38.9 1476.8
0:02.93 3.8 289544 70228 2996 42.1 1468.2
0:03.14 3.9 293108 73660 2996 37.5 1460.7
0:03.37 4.2 297200 77884 2996 37.5 1452.5
0:03.59 4.4 301028 81580 2996 36.8 1444.5
0:03.84 4.6 304988 85540 2996 44.4 1436.0
0:04.08 4.8 309212 89764 2996 42.9 1428.7
0:04.34 5.0 313304 93988 2996 44.4 1422.0
0:04.56 5.2 316604 97156 2996 42.1 1415.8
0:04.77 5.4 319904 100588 2996 37.5 1409.6
0:05.01 5.5 323204 103756 2996 42.1 1403.7
0:05.23 5.7 326240 106924 2996 43.8 1397.0
0:05.47 5.9 329672 110356 2996 50.0 1388.4
0:05.70 6.1 333368 114052 2996 43.8 1381.5
0:05.92 6.3 336536 117220 2996 33.3 1375.4
0:06.15 6.4 339836 120388 2996 45.0 1368.7
0:06.38 6.6 343532 124084 2996 43.8 1361.3
0:06.62 6.9 347624 128308 2996 41.2 1354.0
0:06.87 7.1 351320 132004 2996 43.8 1346.2
0:07.11 7.2 354620 135172 2996 41.2 1339.6
0:07.37 7.4 358448 139132 2996 50.0 1332.1
0:07.60 7.6 362012 142564 2996 40.0 1324.6
0:07.85 7.8 365840 146524 2996 46.7 1316.9
0:08.10 8.0 369536 150220 2996 42.1 1310.0
0:08.32 8.2 372968 153652 2996 35.3 1304.2
0:08.52 8.4 376004 156556 2996 33.3 1298.1
0:08.75 8.6 379304 159988 2996 43.8 1291.4
0:08.96 8.7 382472 163156 2996 38.9 1285.7
0:09.18 8.9 385508 166060 2996 44.4 1280.5
0:09.37 9.0 388676 169228 2996 33.3 1275.0
0:09.59 9.2 392108 172660 2996 31.2 1269.0
0:09.84 9.4 395408 176092 2996 35.3 1263.2
0:10.07 9.6 398312 178996 2996 38.9 1256.9
0:10.32 9.7 401612 182164 2996 45.0 1250.1
0:10.53 9.9 405176 185860 2996 38.9 1242.2
0:10.78 10.2 409664 190348 2996 42.1 1234.8
0:11.01 10.4 413228 193780 2996 41.2 1227.5
0:11.28 10.6 417452 198004 2996 47.4 1220.3
0:11.51 10.8 421148 201700 2996 33.3 1214.7
0:11.72 11.0 424580 205132 2996 31.2 1207.2
0:11.96 11.1 427880 208564 2996 40.0 1199.0
0:12.21 11.3 431312 211996 2996 36.8 1191.5
0:12.47 11.6 435536 216220 2996 41.2 1185.5
0:12.71 11.7 439100 219652 2996 40.9 1177.1
0:12.93 12.0 442928 223612 2996 35.3 1167.8
0:13.18 12.2 448076 228628 2996 42.1 1160.3
0:13.39 12.4 452168 232852 2996 31.6 1151.5
0:13.61 12.7 456392 237076 2996 43.8 1143.1
0:13.85 12.9 461144 241828 2996 38.9 1133.5
0:14.09 13.2 465896 246580 2996 44.4 1124.4
0:14.31 13.4 470120 250804 2996 43.8 1115.5
0:14.55 13.6 474740 255292 2996 44.4 1106.8
0:14.76 13.9 479492 260044 2996 31.6 1096.5
0:14.98 14.1 483848 264532 2996 35.0 1090.2
0:15.18 14.3 487016 267700 2996 38.9 1081.6
0:15.40 14.6 491768 272452 2996 38.9 1073.4
0:15.61 14.8 496124 276676 2996 37.5 1065.1
0:15.82 15.0 499820 280372 2996 42.1 1057.2
0:16.04 15.2 504572 285124 2996 47.1 1048.0
0:16.27 15.5 508532 289348 2996 42.1 1041.4
0:16.50 15.6 511964 292516 2996 31.2 1034.9
0:16.75 15.8 515528 296212 2996 37.5 1028.1
0:16.96 16.0 518432 299116 2996 35.0 1021.0
0:17.20 16.2 521600 302284 2996 27.8 1014.9
0:17.41 16.3 524900 305452 2996 29.4 1007.7
0:17.62 16.5 527936 308620 2996 31.6 1000.2
0:17.84 16.7 531764 312580 2996 30.0 992.9
0:18.10 16.9 535856 316540 2996 50.0 982.1
0:18.33 17.1 539816 320500 2996 35.3 977.8
0:18.56 17.3 543512 324196 2996 31.2 969.8
0:18.80 17.5 547076 327628 2996 31.2 962.4
0:19.02 17.7 550376 331060 2996 38.1 956.0
0:19.23 17.9 553940 334492 2996 44.4 950.0
0:19.45 18.1 557768 338452 2996 37.5 941.8
0:19.68 18.3 561728 342412 2996 41.2 933.8
0:19.88 18.5 565556 346108 2996 37.5 927.0
0:20.08 18.7 568988 349540 2996 29.4 919.7
0:20.29 18.9 572288 352972 2996 26.3 914.3
0:20.49 19.0 575456 356140 2996 29.4 907.7
0:20.70 19.2 579152 359836 2996 31.6 901.0
0:20.90 19.4 582848 363532 2996 31.6 893.2
0:21.12 19.7 586940 367756 2996 31.6 885.4
0:21.37 19.9 591296 371980 2996 38.9 875.1
0:21.61 20.1 595520 376204 2996 36.8 868.9
0:21.84 20.3 598952 379636 2996 33.3 861.0
0:22.07 20.4 601856 382540 2996 33.3 854.3
0:22.32 20.7 606212 386764 2996 43.8 846.0
0:22.54 20.9 609908 390460 2996 37.5 839.0
0:22.82 21.1 614132 394684 2996 45.0 830.9
0:23.05 21.3 617432 398116 2996 35.0 823.7
0:23.31 21.5 621260 401812 2996 31.6 816.1
0:23.53 21.7 625088 405772 2996 44.4 808.9
0:23.77 21.9 629180 409732 2996 47.1 802.1
0:24.01 22.1 633140 413692 2996 42.1 793.9
0:24.25 22.4 637628 418180 2996 36.8 786.2
0:24.50 22.6 641984 422668 2996 47.4 778.2
0:24.71 22.8 645812 426364 2996 33.3 770.5
0:24.96 23.0 649772 430324 2996 37.5 763.2
0:25.19 23.2 654128 434812 2996 37.5 754.6
0:25.40 23.4 657956 438508 2996 36.8 746.0
0:25.62 23.7 662312 442996 2996 43.8 736.9
0:25.84 23.9 666800 447484 2996 45.0 727.0
0:26.07 24.2 671816 452500 2996 42.1 717.0
0:26.30 24.4 676172 456724 2996 41.2 707.8
0:26.55 24.7 681980 462532 2996 50.0 697.6
0:26.80 25.0 686996 467548 2996 46.7 688.5
0:27.02 25.2 691088 471772 2996 47.4 679.6
0:27.21 25.5 695840 476524 2996 38.9 669.6
0:27.44 25.8 701120 481804 2996 36.8 659.9
0:27.65 26.0 706004 486556 2996 41.2 650.8
0:27.86 26.3 711020 491572 2996 44.4 640.7
0:28.07 26.5 715376 496060 2996 37.5 630.7
0:28.30 26.8 720656 501340 2996 44.4 621.3
0:28.53 27.1 725936 506620 2996 50.0 609.5
0:28.75 27.3 730688 511372 2996 42.9 599.2
0:28.98 27.6 736364 516916 2996 38.9 589.6
0:29.21 27.9 741776 522460 2996 44.4 579.2
0:29.42 28.2 746792 527476 2996 36.8 568.8
0:29.65 28.5 752204 532756 2996 36.8 559.6
0:29.84 28.7 756296 536980 2996 33.3 550.2
0:30.07 29.0 761708 542260 2996 43.8 541.2
0:30.28 29.3 766724 547276 2996 44.4 531.4
0:30.50 29.5 770684 551236 2996 31.6 524.6
0:30.71 29.7 774248 554932 2996 30.0 516.6
0:30.96 29.9 778604 559156 2996 31.6 507.6
0:31.21 30.1 782036 562588 2996 35.3 501.4
0:31.46 30.3 785600 566284 2996 29.4 494.1
0:31.70 30.5 789164 569716 2996 41.2 488.5
0:31.92 30.6 791804 572356 2996 35.3 481.7
0:32.14 30.8 794708 575524 2996 33.3 475.4
0:32.35 30.9 798272 578956 2996 33.3 470.0
0:32.57 31.1 801572 582124 2996 29.4 462.7
0:32.79 31.3 804872 585556 2996 31.6 457.0
0:33.01 31.5 808040 588724 2996 37.5 448.8
0:33.25 31.7 812000 592684 2996 37.5 442.7
0:33.49 31.9 815828 596380 2996 47.4 435.4
0:33.73 32.1 820052 600604 2996 31.6 428.2
0:33.97 32.3 823880 604564 2996 42.1 420.2
0:34.19 32.5 827708 608260 2996 30.0 413.8
0:34.44 32.7 831536 612220 2996 42.1 405.5
0:34.65 32.9 835364 615916 2996 36.8 397.9
0:34.88 33.1 838664 619348 2996 30.0 391.1
0:35.14 33.3 842360 623044 2996 50.0 384.4
0:35.37 33.5 845924 626476 2996 37.5 376.9
0:35.61 33.7 849356 629908 2996 36.8 368.7
0:35.85 33.9 853448 634132 2996 33.3 360.7
0:36.09 34.1 857408 638092 2996 31.2 352.9
0:36.33 34.3 861236 641788 2996 38.9 345.8
0:36.56 34.5 864668 645220 2996 33.3 339.2
0:36.79 34.7 868364 648916 2996 37.5 332.5
0:37.00 34.9 871532 652084 2996 41.2 325.6
0:37.23 35.1 875228 655780 2996 37.5 318.2
0:37.42 35.2 878792 659476 2996 26.3 312.4
0:37.62 35.4 881960 662644 2996 31.2 306.5
0:37.83 35.6 885524 666076 2996 31.2 299.5
0:38.05 35.8 888956 669772 2996 42.1 293.3
0:38.25 36.0 892520 673204 2996 33.3 286.0
0:38.50 36.2 896348 676900 2996 38.9 276.8
0:38.75 36.4 900044 680596 2996 38.9 270.5
0:38.97 36.6 904136 684820 2996 42.1 263.2
0:39.21 36.8 907700 688252 2996 45.0 255.1
0:39.45 37.0 911528 692212 2996 47.4 248.6
0:39.67 37.2 915224 695908 2996 37.5 240.9
0:39.92 37.4 919184 699868 2996 44.4 233.2
0:40.16 37.6 923408 704092 2996 42.1 224.3
0:40.36 37.8 926708 707260 2996 31.6 218.0
0:40.58 38.0 930404 711220 2996 38.9 209.5
0:40.82 38.3 935684 716236 2996 36.8 199.8
0:41.02 38.5 940172 720724 2996 41.2 190.4
0:41.24 38.8 945188 725740 2996 44.4 180.6
0:41.46 39.1 950600 731284 2996 36.8 170.5
0:41.68 39.4 955748 736300 2996 38.9 160.8
0:41.89 39.6 960500 741052 2996 41.2 151.5
0:42.11 39.9 965648 746332 2996 41.2 141.2
0:42.35 40.2 971588 752140 2996 42.1 130.6
0:42.59 40.5 977528 758212 2996 50.0 120.2
0:42.83 40.8 982148 762700 2996 40.0 112.6
0:43.06 41.0 985712 766396 2996 50.0 104.7
0:43.28 41.2 990068 770620 2996 42.1 94.8
0:43.52 41.5 994952 775636 2996 50.0 85.5
0:43.76 41.7 998912 779596 2996 50.0 77.6
0:43.99 41.9 1003004 783556 2996 44.4 70.3
0:44.24 42.1 1008020 788572 2996 42.1 60.6
0:44.46 42.4 1012112 792796 2996 35.3 79.6
0:44.74 42.6 1016204 796756 2996 38.9 69.2
0:44.99 42.8 1020032 800716 2996 47.4 70.8
0:45.23 43.0 1023332 803884 2996 45.0 66.9
0:45.47 43.2 1026764 807316 2996 35.0 72.6
0:45.73 43.3 1030328 810684 2996 35.3 64.9
0:45.99 43.5 1034156 814380 2996 41.2 75.2
0:46.24 43.6 1036532 816088 2996 50.0 65.8
0:46.46 43.8 1039172 818992 2996 30.0 77.0
0:46.72 43.9 1041944 821196 2860 41.2 66.0
0:46.96 44.0 1044980 824100 2860 37.5 65.7
0:47.22 44.3 1048940 828044 2844 30.0 72.1
0:47.52 44.5 1052768 832004 2844 40.9 62.1
0:47.74 44.6 1055276 834380 2844 25.0 72.5
0:48.08 44.8 1059632 838868 2844 33.3 64.4
0:48.32 45.0 1062668 841772 2844 37.5 75.5
0:48.59 45.2 1066100 845204 2844 36.8 68.6
0:48.83 45.3 1069268 848372 2844 46.7 63.0
0:49.10 45.5 1072832 852068 2844 25.0 71.7
0:49.34 45.7 1075868 854972 2844 31.2 66.8
0:49.57 45.9 1078772 857876 2844 31.2 62.4
0:49.82 46.1 1082336 861572 2844 38.9 72.8
0:50.06 46.2 1085900 865004 2844 33.3 65.6
0:50.34 46.4 1089200 868436 2844 50.0 63.2
0:50.54 46.6 1092104 871340 2844 30.0 69.2
0:50.79 46.8 1095536 874772 2844 42.1 63.6
0:50.99 46.9 1098308 877412 2844 17.6 74.1
0:51.22 46.7 1101080 874172 2844 38.9 70.5
0:51.47 46.9 1104644 877604 2844 41.2 62.8
0:51.70 46.8 1107548 876412 2844 27.8 79.0
0:51.97 47.0 1110980 879844 2844 36.4 72.5
0:52.19 47.2 1114016 883012 2844 29.4 66.1
0:52.42 47.3 1116788 885652 2844 36.8 65.6
0:52.62 47.5 1119428 888292 2844 27.3 75.7
0:52.82 47.6 1122068 890932 2844 31.2 70.5
0:53.09 47.8 1124708 893572 2844 16.7 64.1
0:53.31 47.9 1127876 896740 2844 35.3 71.9
0:53.52 47.9 1130648 895548 2844 36.8 67.6
0:53.76 48.1 1134212 898980 2844 38.9 62.7
0:53.96 47.3 1137248 884888 2844 19.0 74.5
0:54.23 47.5 1140812 887904 2844 37.5 66.2
0:54.48 47.7 1144640 891864 2844 25.0 66.2
0:54.70 47.1 1147544 880468 2844 24.1 81.6
0:54.91 47.2 1149920 882844 2844 37.5 75.4
0:55.16 47.4 1153748 886540 2844 45.0 67.0
0:55.38 47.6 1157840 890764 2844 42.1 70.0
0:55.62 47.2 1161668 883348 2844 43.8 71.5
0:55.89 47.5 1167080 888892 2844 33.3 71.9
0:56.08 47.4 1171436 887124 2844 36.8 63.9
0:56.30 47.4 1176584 886236 2844 26.3 74.0
0:56.52 47.5 1181468 888256 2844 40.0 63.8
0:56.72 47.6 1185956 891264 2844 23.8 69.1
0:56.93 47.6 1190708 890320 2844 44.4 60.2
0:57.13 47.2 1195592 882964 2844 25.0 76.2
0:57.33 46.4 1199420 867296 2844 20.0 82.4
0:57.57 46.6 1204964 872060 2844 40.0 72.3
0:57.80 46.9 1210112 877340 2844 44.4 62.0
0:58.03 46.8 1215392 875284 2844 43.8 67.5
0:58.28 47.0 1219616 879508 2844 53.3 73.9
0:58.49 46.9 1223708 876620 2844 35.0 65.3
0:58.73 46.9 1227800 876732 2844 20.0 78.7
0:58.95 46.6 1231364 871376 2844 33.3 76.7
0:59.17 46.8 1235192 875336 2844 27.8 68.5
0:59.38 47.0 1238756 878768 2844 35.0 63.1
0:59.60 46.7 1242452 873512 2844 26.3 71.3
0:59.80 46.8 1246016 874692 2844 31.6 71.9
1:00.01 46.9 1249976 877304 2844 35.0 76.4
1:00.21 46.8 1253408 875140 2844 35.3 69.9
1:00.41 46.9 1256576 878308 2844 30.0 63.6
1:00.62 46.8 1260272 876376 2844 23.8 78.4
1:00.81 46.7 1263440 874580 2844 38.9 69.0
1:01.05 47.0 1267400 878540 2844 33.3 72.3
1:01.23 46.8 1270172 875184 2844 26.3 69.1
1:01.45 47.0 1273736 878616 2844 36.8 68.8
1:01.65 46.6 1276772 871928 2844 33.3 68.8
1:01.88 46.8 1280732 875888 2844 29.4 63.9
1:02.10 46.7 1284692 873652 2844 37.5 67.0
1:02.34 46.9 1288520 877348 2844 43.8 66.4
1:02.55 46.5 1291424 870636 2844 42.1 71.5
1:02.76 46.7 1294988 874068 2844 35.0 65.4
1:02.96 46.9 1298420 876888 2844 30.0 73.0
1:03.15 46.3 1301324 866540 2844 25.0 68.4
1:03.38 46.5 1305020 870236 2844 26.3 63.0
1:03.61 46.1 1308848 862292 2844 30.0 76.3
1:03.83 46.3 1312412 865724 2844 31.2 69.7
1:04.11 46.5 1315844 869156 2844 42.1 64.3
1:04.32 46.6 1318088 871324 2844 31.2 72.9
1:04.56 46.0 1321784 860900 2844 36.8 77.4
1:04.80 46.2 1324556 863540 2844 35.0 70.6
1:05.03 46.3 1327724 866708 2844 46.7 64.6
1:05.24 46.5 1331420 870404 2844 36.8 70.3
1:05.45 46.2 1334324 865232 2844 44.4 68.9
1:05.66 46.4 1337492 868400 2844 26.3 62.0
1:05.86 46.5 1340396 869292 2844 25.0 74.3
1:06.06 46.1 1343564 862816 2844 31.2 74.9
1:06.27 46.3 1346468 865720 2844 35.3 69.6
1:06.51 46.5 1350296 869680 2844 38.9 63.5
1:06.72 46.5 1352540 870856 2844 31.6 73.2
1:06.94 45.7 1355576 855024 2844 38.9 78.0
1:07.17 46.0 1360328 859776 2844 38.1 69.2
1:07.39 46.2 1364420 863736 2844 38.9 62.6
1:07.58 45.9 1367984 859348 2844 31.2 73.9
1:07.77 45.4 1371284 848460 2844 35.3 75.2
1:08.04 45.6 1376168 853476 2844 40.0 66.2
1:08.24 45.8 1379732 856908 2844 33.3 73.8
1:08.44 45.6 1382372 853000 2844 35.3 68.8
1:08.65 45.8 1386068 856696 2844 38.9 65.0
1:08.87 46.0 1390424 859996 2844 36.8 61.4
1:09.08 46.1 1394516 862448 2844 40.0 61.3
1:09.27 46.0 1398344 861548 2844 37.5 67.5
1:09.57 45.8 1404020 856664 2844 41.2 69.9
1:09.81 46.0 1408508 861152 2844 40.0 64.4
1:12.57 46.7 1426460 874340 1796 46.9 788.5
1:12.98 47.0 1431872 879620 1796 72.2 784.6
1:13.37 47.3 1437680 885428 1796 81.2 778.2
1:13.74 47.6 1443092 890708 1796 72.2 773.0
1:14.11 47.9 1448768 896516 1796 93.8 768.2
1:14.46 48.2 1453784 901532 1796 88.9 761.5
1:14.81 48.5 1458800 906548 1796 76.5 756.7
1:15.13 48.7 1463816 911564 1796 76.5 751.4
1:15.48 49.0 1469360 917108 1796 54.5 747.4
1:15.84 49.3 1474904 922652 1796 66.7 742.5
1:16.17 49.6 1479656 927404 1796 75.0 737.4
1:16.50 49.9 1484936 932684 1796 70.6 732.7
1:16.86 50.1 1489952 937700 1796 93.8 725.7
1:17.23 50.4 1495496 943244 1796 78.9 720.3
1:17.61 50.7 1500908 948524 1796 73.7 715.6
1:17.97 51.0 1506056 953804 1796 72.2 711.4
1:18.31 51.2 1511204 958820 1796 82.4 706.7
1:18.66 51.5 1516616 964364 1796 83.3 700.1
1:19.06 51.8 1521500 969380 1796 66.7 696.8
1:19.39 52.1 1526252 973868 1796 66.7 691.9
1:19.72 52.3 1531664 979412 1796 72.2 686.1
1:20.06 52.6 1536680 984428 1796 75.0 680.3
1:20.44 52.9 1542488 990236 1796 82.4 675.2
1:20.79 53.3 1548824 996572 1796 80.0 669.1
1:21.13 53.6 1555556 979.9m 1796 77.8 662.3
1:21.46 54.0 1562288 986.4m 1796 77.8 656.4
1:21.77 54.3 1568228 992.3m 1796 75.0 650.2
1:22.11 54.6 1574300 998.2m 1796 73.7 643.7
1:22.42 55.0 1580768 1.0g 1796 70.6 636.9
1:22.74 55.3 1587500 1.0g 1796 76.5 630.6
1:23.06 55.7 1593968 1.0g 1796 64.7 623.2
1:23.39 56.1 1601624 1.0g 1796 66.7 616.2
1:23.73 56.4 1607564 1.0g 1796 68.8 610.4
1:24.06 56.8 1614560 1.0g 1796 66.7 603.2
1:24.40 57.2 1622084 1.0g 1796 61.9 595.4
1:24.76 57.6 1629344 1.0g 1796 76.5 588.9
1:25.10 57.9 1636208 1.0g 1796 76.5 582.1
1:25.46 58.3 1643204 1.0g 1796 76.5 575.7
1:25.79 58.7 1650068 1.0g 1796 72.2 568.7
1:26.13 59.0 1656536 1.1g 1796 76.5 562.2
1:26.44 59.3 1661948 1.1g 1796 61.1 556.7
1:26.74 59.5 1666040 1.1g 1796 58.8 552.5
1:27.04 59.8 1670660 1.1g 1796 58.8 547.7
1:27.33 60.0 1675412 1.1g 1796 60.0 543.3
1:27.62 60.3 1680164 1.1g 1796 58.8 538.7
1:27.91 60.5 1684784 1.1g 1796 64.7 533.9
1:28.20 60.8 1689404 1.1g 1796 66.7 529.3
1:28.52 61.0 1694156 1.1g 1796 63.2 524.7
1:28.85 61.3 1699304 1.1g 1796 77.8 519.7
1:29.18 61.6 1704716 1.1g 1796 76.5 513.9
1:29.50 61.9 1710128 1.1g 1796 66.7 509.0
1:29.84 62.2 1715408 1.1g 1796 81.2 503.6
1:30.19 62.5 1720952 1.1g 1796 72.2 497.4
1:30.58 62.8 1727948 1.1g 1796 88.9 493.3
1:30.90 63.1 1733624 1.1g 1796 88.2 485.6
1:31.28 63.5 1739300 1.1g 1796 76.5 481.5
1:31.63 63.8 1745240 1.1g 1796 70.6 476.3
1:31.94 64.0 1750256 1.1g 1796 73.3 470.5
1:32.27 64.3 1755932 1.1g 1796 72.2 465.2
1:32.64 64.7 1761872 1.2g 1796 77.8 459.6
1:32.97 65.0 1767416 1.2g 1796 70.6 453.7
1:33.31 65.3 1773092 1.2g 1796 62.5 447.8
1:33.64 65.6 1778768 1.2g 1796 66.7 443.0
1:33.91 65.8 1783124 1.2g 1796 64.7 438.4
1:34.23 66.1 1788404 1.2g 1796 76.5 433.9
1:34.56 66.4 1793948 1.2g 1796 66.7 428.4
1:34.89 66.7 1799624 1.2g 1796 68.8 422.2
1:35.20 66.9 1804640 1.2g 1796 66.7 416.8
1:35.51 67.2 1809788 1.2g 1796 64.7 412.4
1:35.80 67.4 1813880 1.2g 1796 61.1 407.8
1:36.09 67.7 1818764 1.2g 1796 57.9 403.5
1:36.39 67.9 1823516 1.2g 1796 64.7 398.3
1:36.71 68.2 1828532 1.2g 1796 66.7 393.9
1:37.02 68.5 1833284 1.2g 1796 64.7 388.9
1:37.41 68.8 1839092 1.2g 1796 82.4 381.7
1:37.75 69.1 1844768 1.2g 1796 77.8 376.2
1:38.10 69.4 1850312 1.2g 1796 77.8 370.1
1:38.45 69.7 1855988 1.2g 1796 77.8 364.0
1:38.81 70.0 1861928 1.2g 1796 76.5 358.5
1:39.17 70.3 1868132 1.3g 1796 77.8 352.4
1:39.53 70.7 1874072 1.3g 1796 72.2 346.8
1:39.91 71.0 1880672 1.3g 1796 82.4 341.1
1:40.26 71.3 1886744 1.3g 1796 72.2 334.4
1:40.58 71.6 1891628 1.3g 1796 68.8 329.3
1:40.89 71.9 1896776 1.3g 1796 58.8 324.6
1:41.18 72.1 1901660 1.3g 1796 70.6 319.6
1:41.51 72.4 1906544 1.3g 1796 68.8 315.0
1:41.85 72.7 1911692 1.3g 1796 75.0 309.8
1:42.18 73.0 1917500 1.3g 1796 70.0 303.3
1:42.50 73.3 1924364 1.3g 1796 76.5 296.6
1:42.82 73.7 1930832 1.3g 1796 76.5 290.0
1:43.16 74.1 1937696 1.3g 1796 72.2 283.2
1:43.52 74.4 1944692 1.3g 1796 76.5 278.0
1:43.86 74.8 1951688 1.3g 1796 80.0 271.5
1:44.20 75.2 1958552 1.3g 1796 77.8 264.1
1:44.52 75.5 1965680 1.3g 1796 76.5 257.7
1:44.83 75.9 1972544 1.4g 1796 70.6 251.1
1:45.19 76.3 1979540 1.4g 1796 82.4 243.7
1:45.52 76.7 1988120 1.4g 1796 68.8 235.6
1:45.84 77.1 1995512 1.4g 1796 72.2 228.6
1:46.16 77.5 2002508 1.4g 1796 66.7 221.2
1:46.49 77.9 2010560 1.4g 1796 66.7 213.0
1:46.82 78.3 2017028 1.4g 1796 76.5 206.2
1:47.13 78.7 2024024 1.4g 1796 68.8 199.6
1:47.46 79.1 2031548 1.4g 1796 73.3 191.8
1:47.78 79.5 2039336 1.4g 1796 80.0 184.1
1:48.14 79.9 2047916 1.4g 1796 87.5 175.7
1:48.50 80.4 2056364 1.4g 1796 88.2 167.8
1:48.86 80.8 2063888 1.4g 1796 77.8 159.9
1:49.21 81.2 2072072 1.4g 1796 77.8 152.6
1:49.56 81.6 2079596 1.5g 1796 82.4 145.7
1:49.92 82.1 2087384 1.5g 1796 76.5 137.9
1:50.28 82.5 2096228 1.5g 1796 76.5 128.5
1:50.61 82.9 2103356 1.5g 1796 82.4 121.6
1:50.93 83.3 2110880 1.5g 1796 82.4 114.2
1:51.24 83.7 2117876 1.5g 1796 76.5 106.5
1:51.54 84.1 2125400 1.5g 1796 64.7 100.6
1:51.85 84.4 2130548 1.5g 1796 61.1 94.9
1:52.15 84.7 2136092 1.5g 1796 56.2 89.9
1:52.44 84.9 2141108 1.5g 1796 55.6 84.8
1:52.76 85.2 2146784 1.5g 1796 66.7 79.3
1:53.07 85.5 2152064 1.5g 1796 66.7 74.3
1:53.39 85.8 2158004 1.5g 1796 68.8 68.8
1:53.69 86.1 2163020 1.5g 1796 50.0 64.0
1:53.97 86.4 2168168 1.5g 1796 57.9 66.6
1:54.39 86.8 2175164 1.5g 1796 75.0 74.5
1:54.73 85.9 2180840 1.5g 1796 82.4 71.5
1:55.14 86.3 2187836 1.5g 1796 81.2 67.6
1:55.48 86.6 2194040 1.5g 1796 82.4 72.3
1:55.80 85.9 2198660 1.5g 1796 75.0 72.4
1:56.16 86.2 2204996 1.5g 1796 88.2 66.6
1:56.49 86.5 2210276 1.5g 1796 64.7 79.9
1:56.79 86.2 2215292 1.5g 1784 72.2 71.7
1:57.13 86.5 2221628 1.5g 1784 81.2 65.4
1:57.45 86.8 2226776 1.5g 1784 76.5 78.2
1:57.79 86.5 2232056 1.5g 1784 82.4 67.9
1:58.16 86.8 2237732 1.5g 1784 81.2 63.7
1:58.44 86.6 2242220 1.5g 1784 40.0 73.2
1:58.72 86.7 2246840 1.5g 1784 56.2 68.5
1:59.03 87.0 2252384 1.6g 1784 66.7 63.1
1:59.27 86.9 2256608 1.6g 1784 25.0 86.7
1:59.54 86.2 2261228 1.5g 1784 66.7 81.3
1:59.86 86.4 2266376 1.5g 1784 66.7 75.6
2:00.14 86.7 2271392 1.5g 1784 50.0 71.4
2:00.46 87.0 2276276 1.6g 1784 70.6 66.6
2:00.77 87.2 2281688 1.6g 1784 70.6 69.5
2:01.06 86.9 2286440 1.5g 1784 66.7 67.9
2:01.42 87.2 2292380 1.6g 1784 77.8 65.4
2:01.80 86.8 2298584 1.5g 1784 77.8 73.5
2:02.16 87.1 2304128 1.6g 1784 93.3 67.5
2:02.49 87.4 2310068 1.6g 1784 75.0 66.7
2:02.85 87.2 2315744 1.6g 1784 93.8 65.8
2:03.21 87.5 2322212 1.6g 1784 80.0 76.8
2:03.48 86.8 2326700 1.5g 1784 73.3 73.5
2:03.81 87.1 2332112 1.6g 1784 64.7 66.8
2:04.16 87.5 2338844 1.6g 1784 81.2 73.5
2:04.48 87.0 2344124 1.6g 1784 76.5 69.2
2:04.80 87.4 2350064 1.6g 1784 70.6 63.5
2:05.11 87.4 2355212 1.6g 1784 52.9 82.3
2:05.42 86.5 2360228 1.5g 1784 93.3 77.2
2:05.79 86.8 2366564 1.5g 1784 83.3 71.6
2:06.17 87.1 2373296 1.6g 1784 88.2 66.6
2:06.52 87.5 2379104 1.6g 1784 76.5 73.0
2:06.76 86.7 2383460 1.5g 1784 61.1 74.8
2:07.09 86.8 2389136 1.5g 1784 70.6 69.6
2:07.37 87.1 2393888 1.6g 1784 55.6 65.1
2:07.70 87.3 2398376 1.6g 1784 58.8 68.3
2:07.95 86.3 2402204 1.5g 1784 64.7 73.0
2:08.27 86.3 2405900 1.5g 1784 68.4 68.9
2:08.55 86.6 2410520 1.5g 1784 44.4 64.9
2:08.84 86.6 2414876 1.5g 1784 57.9 72.4
2:09.15 86.5 2420420 1.5g 1784 73.7 66.0
2:09.48 86.8 2425832 1.5g 1784 72.2 65.2
2:09.75 85.8 2430716 1.5g 1784 50.0 79.8
2:10.11 86.2 2437844 1.5g 1784 76.5 73.3
2:10.41 86.5 2443388 1.5g 1784 66.7 66.6
2:10.73 86.9 2450252 1.6g 1784 66.7 65.2
2:11.05 86.6 2458436 1.5g 1784 64.7 65.0
2:11.38 87.0 2465828 1.6g 1784 72.2 66.8
2:11.65 86.0 2471768 1.5g 1784 75.0 73.2
2:11.91 85.6 2477840 1.5g 1784 75.0 74.8
2:12.22 85.3 2484968 1.5g 1784 83.3 71.1
2:12.60 85.8 2493944 1.5g 1784 63.2 63.2
2:12.87 85.5 2499752 1.5g 1784 28.6 83.0
2:13.14 85.2 2505164 1.5g 1784 72.2 75.1
2:13.46 85.6 2512424 1.5g 1784 68.8 67.6
2:13.78 86.0 2520212 1.5g 1784 66.7 73.0
2:14.03 85.5 2524700 1.5g 1784 70.6 73.9
2:14.35 85.7 2531696 1.5g 1784 72.2 65.4
2:14.67 85.8 2538956 1.5g 1784 56.2 71.7
2:14.91 84.5 2544104 1.5g 1784 35.0 74.4
2:15.26 84.9 2551760 1.5g 1784 76.5 66.2
2:15.61 85.4 2560340 1.5g 1784 75.0 63.6
2:15.87 85.1 2566148 1.5g 1724 63.2 51.0
2:21.26 0.0 0 0 0 0.0 1674.7
1674.6
1674.6
1674.2
1674.6
1673.8
1673.8
1673.8
1673.8
1673.8
1673.0
1673.4
1673.0
1673.0
1673.1
1673.0
1673.1
1672.9
1673.1
1673.0
1673.0
1673.0
1673.1
1673.1
1673.1
1673.1
1673.1
1673.1
1673.1
1673.1
1673.1
1673.1
1673.0
1673.1
1673.0
1673.1
1673.1
1673.1
1673.1
1673.3
1672.9
1673.1
1674.0
1672.9
1672.9
1672.9
1672.7
1672.7
1672.8
1672.8
1672.7
1672.8
1672.8
1672.7
1672.8
1672.8
1673.4
1673.4
1673.4
1673.4
1673.4
1673.5
1672.8
1672.3
1672.2
1672.2
1672.3
1672.2
1672.2
1672.3
1671.5
1671.2
1671.2
1671.2
1671.2
1671.2
1671.3
1671.2
1672.2
1671.2
1671.2
1671.2
1671.2
1671.2
1671.5
1671.2
1671.2
1671.2
1671.2
1671.2
1671.2
1671.2
1671.2
1671.2
1671.2
1671.2
1671.2
1671.2
1671.2
1671.2
1671.2
1670.8
1670.4
1670.4
1670.4
1670.4
1670.4
1670.4
1670.4
1670.4
1670.4
1671.3
1669.8
1669.8
1669.8
1670.1
1669.8
1669.8
1669.8
1669.7
1669.8
1669.8
1669.7
1669.7
1669.8
1669.7
1669.8
1669.8
1669.7
1669.8
1669.6
1668.5
1668.4
1668.4
1668.5
1668.5
1668.4
1669.4
1669.4
1669.4
1669.4
1669.5
1669.4
1669.5
1669.4
1669.4
1669.4
1669.4
1669.4
1669.4
1669.4
1669.4
1669.5
1669.4
1669.4
1671.4
1671.7
1671.7
1671.7
1671.7
1671.7
1671.7
1671.7
1671.7
1671.7
1671.7
1671.7
1671.7
1671.7
1671.7
