Time,sec MEM,% CPU,% free MEM
0:00.70;0.6;93.8;1628.5
0:06.94;4.6;93.8;1551.3
0:13.21;8.7;77.8;1468.4
0:19.95;13.1;88.2;1397.1
0:26.21;16.7;93.8;1334.0
0:32.47;20.1;88.2;1272.9
0:38.72;23.4;88.2;1208.8
0:44.98;27.4;93.8;1130.6
0:51.25;31.6;83.3;1067.8
0:57.42;35.1;88.9;988.4
1:03.69;39.4;88.2;917.9
1:09.95;42.9;88.2;855.4
1:16.21;46.3;88.2;793.1
1:22.49;49.9;94.1;718.8
1:28.73;54.0;88.2;646.5
1:34.95;57.4;83.3;592.7
1:41.17;60.5;77.8;531.3
1:47.44;63.9;88.9;470.3
1:53.70;67.5;88.2;394.8
1:59.90;71.2;83.3;334.8
2:06.10;75.1;88.2;256.2
2:12.37;79.3;87.5;186.9
2:18.63;82.7;88.9;124.7
2:24.90;86.0;82.4;66.5
2:33.74;88.0;43.6;75.5
2:42.32;87.0;37.1;79.4
2:50.08;87.9;51.9;78.3
2:56.69;86.7;81.2;74.3
3:02.90;86.9;93.8;81.6
3:09.15;86.5;94.1;65.3
3:15.28;86.7;99.9;64.4
3:21.43;85.8;99.9;75.5
3:27.62;85.8;94.1;71.3
