Time MEM Virt Res SHR CPU free
1671.0
0:00.15 0.4 225920 6604 2992 70.6 1664.8
1661.5
0:00.48 0.9 236348 16896 2992 81.2 1654.6
1651.5
0:00.82 1.4 246116 26664 2992 77.8 1645.6
1642.4
0:01.15 2.0 256148 36696 2992 76.5 1635.2
1632.7
0:01.49 2.5 266708 47256 2992 81.2 1626.2
1623.9
0:01.81 3.0 275552 56232 2992 70.6 1616.1
1614.1
0:02.14 3.6 285980 66528 2992 70.6 1606.8
1605.4
0:02.45 4.0 294560 75240 2992 68.8 1597.7
1596.4
0:02.80 4.6 304988 85536 2992 73.7 1587.7
1587.9
0:03.13 5.1 314624 95304 2992 82.4 1579.0
1579.9
0:03.45 5.5 322940 103488 2992 70.6 1571.6
1572.2
1562.8
0:03.81 5.9 329804 110352 2992 81.2 1564.3
1553.9
0:04.19 6.5 340892 121440 2992 83.3 1555.1
1544.7
0:04.53 7.0 349604 130152 2992 82.4 1544.9
1534.6
0:04.86 7.5 358976 139656 2992 88.2 1535.5
1526.0
0:05.19 8.0 368480 149160 2992 76.5 1527.1
1516.7
0:05.52 8.5 377852 158400 2992 64.7 1516.2
1507.4
0:05.87 9.0 387488 168168 2992 76.5 1506.4
1499.6
0:06.19 9.5 396728 177408 2992 76.5 1498.5
1493.1
0:06.53 9.9 404384 185064 2992 68.8 1491.1
1486.5
0:06.88 10.3 412436 192984 2992 77.8 1483.5
1479.2
0:07.24 10.7 419696 200376 2992 88.2 1476.3
1471.3
0:07.60 11.1 427616 208296 2992 88.9 1467.6
1456.5
0:07.93 11.5 434084 214632 2992 68.4 1453.0
1449.9
0:08.25 11.8 440552 221232 2992 70.6 1446.2
1441.6
0:08.52 12.0 444644 225192 2992 42.9 1440.1
1437.7
0:08.84 12.3 448736 229416 2992 61.1 1436.2
1433.3
0:09.20 12.5 453488 234168 2992 82.4 1431.6
1428.3
0:09.55 12.8 458372 238920 2992 88.2 1427.3
1424.8
0:10.01 13.0 461936 242616 2992 95.8 1423.0
1420.5
0:10.37 13.2 466556 247104 2992 78.9 1418.6
1415.1
0:10.65 13.4 470252 250800 2992 58.8 1416.0
1411.6
0:10.93 13.6 474212 254760 2992 50.0 1413.0
1409.8
0:11.25 13.8 478172 258984 2992 32.4 1406.8
1403.9
0:11.72 14.2 485036 265584 2992 81.2 1400.4
1398.8
0:12.12 14.5 490844 271392 2992 73.7 1394.7
1394.6
0:12.46 14.8 496388 276936 2992 76.5 1389.3
1389.0
0:12.78 15.1 500876 281688 2992 68.4 1384.6
1385.6
0:13.11 15.3 506288 286968 2992 68.8 1379.8
1380.4
1375.2
0:13.47 15.6 511304 291984 2992 87.5 1374.6
1369.6
0:13.84 15.9 516980 297528 2992 68.8 1370.4
1365.0
0:14.22 16.2 521864 302544 2992 94.1 1366.1
1359.7
0:14.55 16.4 526748 307296 2992 62.5 1360.5
0:14.93 16.7 532424 313104 2992 70.6 1353.5
1353.5
0:15.29 17.1 538364 319176 2992 80.0 1348.3
1349.1
0:15.63 17.3 543380 323928 2992 82.4 1343.3
1344.4
0:15.99 17.6 549056 329736 2992 88.2 1337.5
1338.4
1332.6
0:16.38 17.9 554600 335280 2992 93.8 1333.6
1329.3
0:16.71 18.1 558956 339504 2992 58.8 1329.8
0:17.03 18.4 563312 343992 2992 68.8 1325.2
1323.6
0:17.38 18.7 568592 349272 2992 77.8 1318.7
1319.7
0:17.69 18.9 573344 354024 2992 66.7 1314.0
1314.4
1307.7
0:18.03 19.2 578888 359568 2992 77.8 1307.7
1303.3
0:18.40 19.5 585092 365640 2992 76.5 1304.3
1298.7
0:18.74 19.8 590108 370656 2992 68.8 1299.4
1292.4
0:19.09 20.1 595520 376200 2992 82.4 1291.3
0:19.43 20.4 601460 382008 2992 73.3 1286.5
1286.0
0:19.81 20.8 607664 388344 2992 82.4 1279.8
1280.8
0:20.17 21.1 613868 394416 2992 83.3 1274.6
1274.1
0:20.56 21.4 619676 400224 2992 84.2 1268.4
1269.5
0:20.91 21.7 625352 406032 2992 77.8 1263.0
1264.1
0:21.21 22.0 630368 411048 2992 55.6 1258.5
1258.3
0:21.55 22.2 634988 415536 2992 76.5 1253.8
1254.8
0:21.89 22.5 640004 420552 2992 73.7 1249.1
1249.2
0:22.22 22.7 645020 425568 2992 72.2 1243.7
1244.8
0:22.55 23.0 650036 430584 2992 80.0 1238.0
1239.1
0:22.92 23.4 656636 437184 2992 77.8 1231.9
1233.4
0:23.31 23.7 663236 443784 2992 93.8 1225.4
1225.6
0:23.65 24.0 669176 449856 2992 75.0 1220.3
1220.9
0:23.98 24.3 674324 454872 2992 72.2 1215.3
1216.2
0:24.30 24.6 679604 460152 2992 70.6 1210.2
1210.8
0:24.65 24.9 685412 465960 2992 76.5 1204.0
1205.2
1198.8
0:25.01 25.2 690824 471504 2992 82.4 1199.6
0:25.39 25.5 695972 476784 2992 77.8 1195.0
1195.8
1188.7
0:25.75 25.7 700460 481008 2992 82.4 1188.9
1184.1
0:26.17 26.1 707192 487872 2992 81.2 1185.0
0:26.54 26.3 711548 492096 2992 82.4 1178.1
1178.1
0:26.91 26.6 717488 498168 2992 73.7 1172.4
1173.0
0:27.29 27.0 724484 505032 2992 83.3 1166.0
1167.1
0:27.62 27.3 729896 510576 2992 81.2 1160.6
1161.4
1154.4
0:27.99 27.6 735836 516384 2992 80.0 1155.6
1148.1
0:28.38 27.9 742172 522720 2992 88.9 1148.7
1142.8
0:28.76 28.3 748376 529056 2992 82.4 1143.8
0:29.12 28.6 754316 534864 2992 93.3 1137.2
1136.4
0:29.51 28.9 760652 541200 2992 84.2 1130.6
1130.0
0:29.84 29.2 766196 546744 2992 76.5 1125.2
1126.3
0:30.19 29.5 771608 552288 2992 75.0 1119.6
1120.8
0:30.53 29.8 777020 557568 2992 77.8 1114.4
1115.5
0:30.86 30.1 783224 563904 2992 77.8 1107.0
1107.7
0:31.20 30.6 791408 572088 2992 76.5 1099.6
1100.8
0:31.54 31.0 798536 579216 2992 82.4 1092.0
1092.9
0:31.88 31.4 806588 587136 2992 81.2 1084.8
1085.8
0:32.23 31.7 812924 593472 2992 87.5 1079.2
1080.2
0:32.55 32.0 818732 599544 2992 86.7 1073.9
1075.0
0:32.89 32.3 824408 605088 2992 81.2 1067.8
1069.0
0:33.21 32.7 831008 611688 2992 81.2 1060.9
1061.6
0:33.55 33.1 838004 618552 2992 81.2 1053.3
1054.1
0:33.91 33.5 846584 627264 2992 93.8 1046.3
1046.9
0:34.23 33.9 853448 634128 2992 82.4 1038.2
1039.3
1030.6
0:34.58 34.3 861104 641784 2992 82.4 1032.1
1022.1
0:34.98 34.7 869288 649968 2992 93.8 1023.6
1013.9
0:35.35 35.2 878924 659472 2992 87.5 1014.9
1004.8
0:35.68 35.7 887768 668448 2992 76.5 1005.6
995.4
0:36.03 36.2 897008 677688 2992 77.8 996.1
987.1
0:36.35 36.7 905984 686664 2992 76.5 987.8
978.5
0:36.69 37.2 914960 695640 2992 70.6 977.8
970.4
0:37.04 37.7 924332 704880 2992 82.4 968.9
962.2
0:37.34 38.2 933308 713856 2992 68.8 960.8
953.3
0:37.68 38.6 942548 723096 2992 81.2 951.8
944.7
0:37.98 39.1 950996 731544 2992 68.8 943.5
936.2
0:38.33 39.6 960236 740784 2992 82.4 933.6
927.5
0:38.66 40.1 969476 750024 2992 76.5 924.7
918.6
0:39.00 40.6 979508 760056 2992 68.8 915.2
908.6
0:39.35 41.1 989144 769824 2992 77.8 905.0
899.7
0:39.73 41.7 1000364 780912 2992 88.2 894.0
889.9
0:40.07 42.3 1010000 790680 2992 76.5 884.5
879.8
0:40.44 42.8 1020692 801240 2992 77.8 875.4
869.9
0:40.79 43.4 1030724 811272 2992 87.5 865.4
861.8
0:41.13 43.8 1038512 819192 2992 68.8 856.7
851.8
0:41.50 44.4 1049336 830016 2992 87.5 846.6
843.2
0:41.92 44.9 1060160 840840 2992 76.5 835.1
833.3
0:42.26 45.5 1070192 850872 2992 82.4 826.6
827.1
0:42.62 45.9 1078772 859320 2992 77.8 816.6
817.5
0:42.97 46.5 1089464 870144 2992 88.2 807.8
807.5
0:43.26 46.9 1096592 877272 2992 70.6 799.5
800.0
0:43.61 47.4 1106492 887040 2992 83.3 791.2
791.4
0:43.94 47.8 1114412 894960 2992 76.5 782.6
781.4
0:44.27 48.4 1124048 904728 2992 76.5 773.3
774.3
0:44.61 48.9 1133420 913968 2992 82.4 764.4
765.4
0:44.94 49.3 1141340 921888 2992 82.4 757.4
758.3
0:45.29 49.7 1148336 929016 2992 82.4 749.9
750.4
743.0
0:45.66 50.1 1155992 936672 2992 78.9 744.0
736.0
0:46.02 50.5 1163384 944064 2992 77.8 736.9
730.1
0:46.34 50.8 1169984 950664 2992 75.0 730.9
723.5
0:46.68 51.2 1176452 957000 2992 72.2 724.2
718.0
0:47.02 51.5 1182656 963336 2992 68.8 718.0
711.5
0:47.35 51.9 1189520 970200 2992 72.2 710.8
705.1
0:47.67 52.2 1196384 977064 2992 76.5 703.7
698.4
0:47.98 52.6 1203512 984192 2992 81.2 697.2
692.9
0:48.31 53.0 1210376 991056 2992 76.5 690.5
685.0
0:48.64 53.3 1217108 997656 2992 82.4 682.6
679.1
0:48.99 53.7 1223840 981.0m 2992 77.8 676.1
672.2
0:49.37 54.1 1231628 988.5m 2992 93.8 668.0
663.4
0:49.77 54.6 1239944 996.7m 2992 94.4 659.9
656.3
0:50.12 54.9 1247468 1.0g 2992 88.2 652.3
649.3
0:50.47 55.3 1254728 1.0g 2992 72.2 646.0
641.3
0:50.84 55.8 1263044 1.0g 2992 83.3 637.8
635.4
0:51.15 56.1 1269512 1.0g 2992 75.0 631.1
628.2
0:51.48 56.5 1276904 1.0g 2992 70.6 623.7
621.6
0:51.80 56.9 1283372 1.0g 2992 70.6 616.8
614.9
0:52.12 57.3 1291028 1.0g 2992 66.7 609.8
608.3
0:52.43 57.6 1297760 1.0g 2992 72.2 603.0
602.5
0:52.77 58.0 1304360 1.0g 2992 80.0 597.1
597.0
0:53.10 58.3 1310300 1.0g 2992 80.0 591.1
592.1
0:53.43 58.6 1316240 1.0g 2992 70.6 585.7
586.7
581.0
0:53.80 58.9 1321520 1.1g 2992 81.0 579.5
574.0
0:54.17 59.3 1328252 1.1g 2992 88.2 574.5
568.6
0:54.50 59.6 1333928 1.1g 2992 70.6 569.7
561.6
0:54.84 59.9 1340396 1.1g 2992 66.7 562.0
554.5
0:55.19 60.3 1347788 1.1g 2992 83.3 555.5
547.1
0:55.52 60.7 1354784 1.1g 2992 72.2 548.1
540.0
0:55.87 61.1 1362176 1.1g 2992 76.5 540.4
533.2
0:56.21 61.5 1369832 1.1g 2992 72.2 534.0
525.7
0:56.56 61.9 1377092 1.1g 2992 93.3 526.1
519.4
0:56.86 62.2 1383560 1.1g 2992 81.2 520.5
512.5
0:57.22 62.6 1390952 1.1g 2992 76.5 513.3
506.5
0:57.56 63.0 1397288 1.1g 2992 72.2 506.5
499.1
0:57.88 63.4 1405076 1.1g 2992 82.4 498.3
493.5
0:58.19 63.7 1411676 1.1g 2992 57.9 491.8
486.6
0:58.52 64.2 1419728 1.1g 2992 72.2 484.1
481.6
0:58.87 64.5 1426460 1.2g 2992 75.0 477.6
474.3
0:59.23 64.9 1433192 1.2g 2992 88.2 471.4
468.1
0:59.58 65.2 1439396 1.2g 2992 82.4 464.9
461.8
0:59.95 65.6 1446260 1.2g 2992 77.8 459.9
457.8
1:00.32 65.8 1450484 1.2g 2992 75.0 455.1
450.8
1:00.68 66.2 1457084 1.2g 2992 83.3 448.5
444.5
1:00.99 66.4 1462364 1.2g 2992 72.2 443.1
440.0
1:01.31 66.7 1468172 1.2g 2992 70.6 437.4
435.0
1:01.66 67.1 1474112 1.2g 2992 78.9 431.0
427.9
1:02.03 67.4 1480448 1.2g 2992 84.2 425.7
421.5
1:02.33 67.7 1485992 1.2g 2992 76.5 419.9
415.2
1:02.63 68.0 1491404 1.2g 2992 57.9 414.7
410.4
1:02.95 68.3 1497212 1.2g 2992 70.6 408.9
405.2
1:03.31 68.6 1503548 1.2g 2992 82.4 402.7
399.6
1:03.68 69.0 1509620 1.2g 2992 83.3 396.7
393.6
1:04.03 69.3 1515824 1.2g 2992 76.5 390.2
386.5
1:04.40 69.7 1522820 1.2g 2992 87.5 383.9
380.0
1:04.74 70.0 1529420 1.2g 2992 70.0 377.5
372.5
1:05.07 70.4 1535756 1.3g 2992 76.5 371.0
366.8
1:05.40 70.7 1542488 1.3g 2992 76.5 363.9
358.9
1:05.74 71.1 1549616 1.3g 2992 76.5 357.2
353.0
1:06.11 71.5 1557272 1.3g 2992 80.0 349.9
345.9
1:06.44 71.9 1564664 1.3g 2992 75.0 342.8
339.5
1:06.82 72.3 1571792 1.3g 2992 77.8 335.3
333.3
1:07.15 72.6 1578260 1.3g 2992 76.5 328.2
326.5
1:07.46 73.0 1584992 1.3g 2992 70.6 322.0
319.9
1:07.76 73.3 1591460 1.3g 2992 58.8 315.6
313.2
1:08.09 73.7 1598192 1.3g 2992 75.0 308.7
306.6
1:08.42 74.1 1605980 1.3g 2992 82.4 302.3
299.4
1:08.75 74.5 1612976 1.3g 2992 70.6 294.7
292.8
1:09.07 74.8 1619576 1.3g 2992 75.0 288.8
287.0
1:09.38 75.2 1625516 1.3g 2992 62.5 282.2
280.0
1:09.70 75.5 1632380 1.3g 2992 70.6 275.8
273.9
1:10.03 75.9 1638980 1.4g 2992 70.6 269.4
267.7
1:10.35 76.2 1645844 1.4g 2992 82.4 262.4
261.1
1:10.66 76.6 1652444 1.4g 2992 70.6 255.8
253.8
1:10.97 77.0 1659440 1.4g 2992 75.0 249.2
247.9
1:11.30 77.4 1666568 1.4g 2992 72.2 240.8
240.2
1:11.63 77.8 1675676 1.4g 2992 76.5 232.5
233.3
1:11.99 78.3 1684916 1.4g 2992 88.2 223.5
224.3
1:12.32 78.8 1693892 1.4g 2992 77.8 214.1
214.6
204.9
1:12.69 79.3 1703528 1.4g 2992 93.8 204.4
196.4
1:13.05 79.8 1712636 1.4g 2992 82.4 197.8
187.7
1:13.39 80.3 1722008 1.4g 2992 81.2 188.4
178.6
1:13.74 80.8 1731908 1.4g 2992 82.4 179.4
170.0
1:14.07 81.3 1740488 1.5g 2992 81.2 170.5
159.9
1:14.40 81.8 1749464 1.5g 2992 81.2 161.0
151.0
1:14.77 82.3 1758968 1.5g 2992 81.2 151.8
142.0
1:15.09 82.8 1767812 1.5g 2992 70.6 142.8
133.5
1:15.43 83.3 1777712 1.5g 2992 72.2 134.3
125.1
1:15.75 83.8 1786556 1.5g 2992 75.0 125.9
117.2
1:16.09 84.2 1794212 1.5g 2992 82.4 116.9
108.7
1:16.41 84.7 1803056 1.5g 2992 72.2 108.4
98.7
1:16.74 85.2 1812692 1.5g 2992 76.5 99.6
90.1
1:17.08 85.7 1822328 1.5g 2992 76.5 88.8
81.8
1:17.40 86.2 1831700 1.5g 2992 76.5 79.9
72.2
1:17.72 86.7 1840940 1.5g 2992 70.6 70.6
64.3
1:18.04 87.1 1849784 1.6g 2992 70.6 62.4
64.5
1:18.43 87.7 1861004 1.6g 2992 82.4 75.1
62.9
1:18.84 88.3 1871696 1.6g 2992 94.4 70.8
62.2
1:19.21 88.7 1882124 1.6g 2980 93.8 66.7
71.3
1:19.93 89.0 1901264 1.6g 2508 75.0 77.9
77.8
1:21.03 88.2 1929248 1.6g 1636 81.2 67.4
62.2
1:21.43 88.8 1939940 1.6g 1636 82.4 80.5
72.3
1:21.74 88.3 1947332 1.6g 1636 77.8 68.7
64.4
1:22.11 88.8 1955912 1.6g 1636 88.2 69.0
74.2
1:22.47 88.1 1963832 1.6g 1636 93.3 71.2
66.8
1:22.82 88.5 1971488 1.6g 1636 76.5 63.8
71.3
1:23.14 88.3 1977560 1.6g 1636 41.2 74.8
70.2
1:23.46 88.5 1984556 1.6g 1636 72.2 66.4
64.5
1:23.77 88.8 1990892 1.6g 1636 70.6 77.2
75.8
1:24.14 88.0 1998020 1.6g 1636 76.5 68.3
69.9
1:24.53 88.5 2005808 1.6g 1636 84.2 69.1
68.5
69.4
1:24.86 88.0 2012804 1.6g 1636 87.5 68.8
63.0
1:25.23 88.5 2020856 1.6g 1636 93.3 64.2
74.6
1:25.52 88.1 2025740 1.6g 1636 45.0 75.7
68.5
1:25.84 88.2 2032604 1.6g 1636 81.2 69.5
71.8
1:26.17 88.5 2039468 1.6g 1636 72.2 71.0
77.1
1:26.50 87.8 2046200 1.6g 1636 76.5 73.7
68.8
1:26.87 88.2 2053724 1.6g 1636 73.7 64.7
72.2
1:27.23 88.0 2060060 1.6g 1636 48.0 76.3
72.3
1:27.53 88.0 2066132 1.6g 1636 75.0 68.3
66.4
1:27.88 88.4 2072600 1.6g 1636 62.5 72.8
81.8
1:28.22 87.5 2079992 1.6g 1636 68.8 75.4
76.2
68.0
1:28.58 87.9 2087252 1.6g 1636 68.4 67.4
74.6
1:28.95 88.3 2094776 1.6g 1636 88.2 76.1
1:29.25 87.6 2100980 1.6g 1636 83.3 67.1
67.7
1:29.61 88.0 2108504 1.6g 1636 88.9 80.4
81.3
76.8
1:29.94 86.7 2115368 1.5g 1636 94.1 76.2
69.2
1:30.30 87.1 2123024 1.6g 1636 76.5 70.1
66.5
1:30.66 87.5 2130680 1.6g 1636 82.4 68.8
70.0
1:30.99 87.2 2137940 1.6g 1636 88.2 71.0
63.6
1:31.32 87.6 2145464 1.6g 1636 76.5 64.6
81.9
1:31.58 86.7 2150744 1.5g 1636 33.3 82.4
72.7
1:31.93 86.9 2158664 1.6g 1636 88.2 73.3
66.1
1:32.30 87.4 2166452 1.6g 1636 82.4 66.9
83.8
1:32.62 87.5 2173052 1.6g 1636 55.6 89.9
81.1
1:32.91 86.5 2179520 1.5g 1636 87.5 82.0
73.5
1:33.25 86.9 2186648 1.5g 1636 82.4 74.4
66.3
1:33.61 87.3 2194568 1.6g 1636 77.8 67.4
78.3
1:33.93 87.5 2201828 1.6g 1636 82.4 83.4
76.3
1:34.22 86.5 2208428 1.5g 1636 76.5 76.1
69.4
1:34.53 86.9 2215556 1.6g 1636 70.6 69.6
62.4
1:34.86 87.3 2222552 1.6g 1636 76.5 68.3
72.3
1:35.15 86.4 2229152 1.5g 1636 68.4 71.2
65.9
1:35.46 86.7 2235620 1.5g 1636 68.8 65.3
84.4
1:35.73 86.5 2240768 1.5g 1636 40.0 82.1
77.0
1:36.08 86.4 2248688 1.5g 1636 82.4 75.3
70.0
1:36.40 86.8 2255420 1.5g 1636 76.5 68.3
67.3
1:36.72 87.2 2263076 1.6g 1636 82.4 76.0
69.4
1:37.01 86.9 2269412 1.6g 1636 72.2 68.4
66.4
1:37.32 87.3 2276408 1.6g 1636 76.5 76.9
70.1
1:37.59 86.8 2282084 1.5g 1636 68.8 69.8
63.5
1:37.92 87.2 2289476 1.6g 1636 82.4 65.9
75.0
1:38.21 86.8 2295812 1.5g 1636 66.7 73.5
68.5
1:38.50 87.0 2302148 1.6g 1636 70.6 67.6
68.7
1:38.81 87.3 2308880 1.6g 1636 76.5 73.5
68.9
1:39.10 87.0 2315084 1.6g 1636 70.6 66.8
67.7
1:39.44 87.4 2323004 1.6g 1636 70.6 67.4
84.8
1:39.72 86.1 2328416 1.5g 1636 42.9 79.2
73.5
1:40.09 86.7 2339240 1.5g 1636 99.9 69.1
64.4
1:40.44 87.2 2348744 1.6g 1636 82.4 75.3
69.5
1:40.74 86.8 2357324 1.5g 1636 93.8 65.0
66.7
1:41.04 86.8 2365640 1.5g 1636 56.2 86.0
79.1
1:41.35 85.7 2374616 1.5g 1636 82.4 74.4
70.6
1:41.70 86.2 2383856 1.5g 1636 68.8 64.8
62.8
1:41.98 86.1 2390984 1.5g 1636 52.9 66.7
63.9
1:42.30 86.6 2400092 1.5g 1636 66.7 79.7
78.9
1:42.59 85.8 2407220 1.5g 1636 75.0 71.2
72.0
1:42.98 86.2 2415668 1.5g 1636 81.8 63.8
63.3
1:43.24 85.4 2422928 1.5g 1636 30.0 80.5
80.1
70.6
1:43.63 85.9 2433356 1.5g 1636 93.3 69.2
74.8
1:44.01 86.4 2443520 1.5g 1636 94.1 81.0
80.4
1:44.30 85.4 2451044 1.5g 1636 87.5 81.3
1:44.66 85.9 2460416 1.5g 1636 82.4 71.7
70.9
70.4
1:45.02 86.4 2470052 1.5g 1636 88.9 69.8
69.7
1:45.35 86.4 2479556 1.5g 1636 81.2 71.1
76.2
1:45.73 86.9 2490116 1.6g 1636 94.1 83.9
75.9
1:46.02 86.3 2497508 1.5g 1636 88.9 76.9
68.0
1:46.36 86.7 2506616 1.5g 1636 81.2 69.0
70.4
1:46.69 87.1 2513216 1.6g 1636 66.7 76.6
1:46.97 86.3 2518628 1.5g 1636 87.5 69.9
71.4
1:47.35 86.7 2526548 1.5g 1636 83.3 63.4
64.2
69.2
1:47.73 86.3 2534996 1.5g 1636 93.3 70.8
1:48.11 86.8 2542784 1.5g 1636 93.8 66.9
66.3
71.8
1:48.46 86.3 2549384 1.5g 1636 94.1 71.2
64.7
1:48.82 86.7 2556644 1.5g 1636 82.4 65.7
74.5
1:49.16 86.8 2562848 1.5g 1636 72.2 75.4
65.8
1:49.47 86.5 2569316 1.5g 1636 82.4 66.9
84.9
1:49.82 86.7 2576312 1.5g 1636 77.8 84.2
74.2
1:50.27 86.2 2585684 1.5g 1636 88.9 75.1
68.7
1:50.62 86.5 2591492 1.5g 1636 76.5 69.7
1:50.92 86.8 2596640 1.5g 1636 61.1 64.8
63.4
51.1
1:51.23 87.1 2602052 1.6g 1636 63.2 51.1
1674.6
1673.1
1673.1
1673.7
1673.0
1673.7
1673.1
1673.7
1673.1
1673.7
1673.1
1673.7
1673.1
1673.7
1673.1
1673.8
1673.2
1673.7
1673.1
1673.8
1673.2
1673.8
1673.1
1673.8
1673.0
1673.8
1673.2
1673.8
1673.2
1673.8
1673.2
1673.8
1673.2
1673.8
1673.1
1673.9
1673.2
1673.8
1673.1
1673.8
1673.0
1674.1
1674.2
1673.0
1672.9
1673.6
1672.9
1673.6
1672.9
1673.6
1672.9
1673.6
1672.9
1673.6
1672.9
1673.5
1672.9
1673.5
1672.9
1673.5
1672.9
1673.5
1672.9
1673.5
1672.9
1673.5
1672.9
1673.5
1672.9
1673.5
1672.9
1673.5
1672.9
1673.5
1672.9
1673.5
1672.9
1673.5
1672.9
1673.5
1672.9
1673.5
1672.9
1673.5
1672.9
1673.5
1672.9
1673.5
1672.9
1673.5
1672.9
1673.5
1672.9
1673.5
1672.9
1673.5
1672.9
1673.5
1672.8
1673.5
1672.9
1673.5
1672.9
1673.3
1672.6
1673.3
1672.6
1673.3
1672.6
1673.2
1672.6
1673.3
1672.6
1673.3
1672.7
1673.3
1672.6
1673.3
1672.7
1673.2
1672.6
1673.3
1672.6
1673.3
1672.6
1673.3
1672.6
1673.3
1672.7
1673.2
1672.6
1673.3
1672.7
1673.2
1672.6
1673.3
1672.6
1673.3
1672.6
1673.3
1672.6
1673.3
1672.6
1673.2
1672.6
1673.2
1672.6
1673.2
1672.6
1673.2
1672.6
1673.2
1672.6
1673.3
1672.6
1673.3
1672.6
1673.2
1672.6
1673.2
1672.7
1673.2
1673.3
1672.7
1673.2
1673.2
1673.3
1672.6
1673.3
1672.6
1673.2
1672.6
1673.2
1672.6
1673.2
1672.6
1673.2
1672.6
1673.2
1672.6
1673.3
1672.7
1673.3
1672.6
1673.3
1672.6
1673.3
1672.6
1673.3
1672.6
1673.2
1672.6
1673.2
1672.6
1673.2
1672.6
1673.2
1672.6
1673.3
1672.6
1673.3
1672.6
1673.3
1672.7
1673.3
1673.2
1673.3
1672.6
1673.2
1672.6
1673.2
1672.6
1673.3
1672.6
1673.2
1672.6
1673.2
1672.6
1673.2
1672.6
1673.2
1672.5
1673.2
1672.6
1673.2
1672.5
1673.2
1672.5
1673.2
1672.5
1673.2
1672.5
1673.2
1672.5
1673.2
1672.5
1673.2
1672.5
1673.2
1672.6
1673.2
1672.5
1673.2
1672.6
1673.2
1672.5
1673.2
1672.5
1673.2
1672.5
1673.2
1672.6
1673.2
1672.6
1673.2
1672.5
1673.2
1672.5
1673.2
1672.5
1673.2
1672.6
1673.2
1672.5
1673.1
1672.6
1673.2
1672.6
1673.2
1672.5
1673.2
1672.5
1673.2
1672.6
1673.2
1672.5
1673.2
1672.5
1673.2
1672.5
1673.2
1672.5
1673.2
1672.5
1673.2
1672.5
1673.2
1672.5
1673.2
1672.5
1673.2
1672.5
1673.2
1672.6
1673.3
1672.5
1673.2
1672.5
1673.2
1672.5
1673.2
1672.6
1673.2
1672.5
1673.2
1672.5
1673.2
1672.5
1673.2
1672.5
1673.1
1672.5
1673.2
1672.5
1673.2
1672.5
1673.1
1672.5
1673.2
1672.5
1673.2
1672.5
1673.2
1672.5
1673.2
1672.5
1673.2
1672.5
1673.2
1672.5
1673.2
1672.5
1673.2
1672.6
1673.2
1672.5
1673.2
1672.5
1673.1
1672.5
1673.2
1672.5
1673.2
1672.5
1673.2
1672.5
1673.2
1672.5
1673.2
1672.5
1673.2
1672.5
1673.1
1672.5
1673.2
1672.5
1673.0
1672.5
1673.1
1672.5
1673.2
1672.5
1673.1
1672.5
1673.1
1672.5
1673.1
1672.5
1673.2
1672.5
1673.1
1672.5
1673.1
1672.5
1673.2
1672.5
1673.1
1672.5
1673.1
1672.5
1673.1
1672.5
1673.1
1672.5
1673.1
1672.5
1673.1
1672.5
1673.1
1672.5
1673.1
1672.5
1673.1
1672.5
1673.1
1672.5
1673.1
1672.5
1673.1
1672.5
1673.1
1672.5
1673.0
1672.5
1673.1
1672.5
1673.1
1672.5
1673.1
1672.4
1673.0
1672.5
1673.0
1672.5
1673.1
1672.5
1673.1
1672.5
1673.1
1672.2
1672.8
1672.1
1672.8
1672.2
1672.8
1672.2
1672.8
1672.1
1672.8
1672.2
1672.8
1672.2
1672.8
1672.2
1672.8
1672.2
1672.8
1672.2
1672.8
1672.2
1672.8
1672.2
1672.8
1672.1
1672.8
1672.2
1672.8
1672.1
1672.8
1672.2
1672.8
1672.1
1672.8
1672.2
1672.8
1672.2
1672.8
1672.2
1672.8
1672.2
1672.8
1672.2
1672.8
1672.2
1672.8
1672.2
1672.8
1672.2
1672.8
1672.2
1672.9
1672.2
1672.8
1672.2
1672.8
1672.2
1672.8
1672.2
1672.8
1672.2
1672.8
1672.2
1672.8
1672.2
1672.8
1672.5
1672.9
1672.2
1672.8
1672.2
1672.8
1672.2
1672.8
1672.2
1672.8
1672.2
1672.9
1672.2
1672.9
1672.2
1672.8
1672.2
1672.8
1672.2
1672.8
1672.2
1672.8
1672.2
1672.8
1672.2
1672.8
1672.2
1672.8
1672.2
1672.8
1672.2
1672.8
1672.2
1672.8
1672.2
1672.8
1672.2
1672.7
1672.2
1672.8
1672.2
1672.8
1672.2
1672.9
1672.2
1672.8
1672.2
1672.9
1672.2
1672.9
1672.2
1672.8
1672.2
1672.8
1672.2
1672.8
1672.2
1672.8
1672.2
1672.8
1672.2
1672.8
1672.2
1672.8
1672.2
1672.8
1672.2
1672.8
1672.2
1672.8
1672.2
1672.8
1672.2
1672.8
1672.2
1672.8
1672.2
1672.8
1672.2
1672.8
1672.2
1672.8
1672.2
1672.8
1672.2
1672.8
1672.2
1672.8
1672.2
1672.8
1672.2
1672.8
1672.2
1672.8
1672.2
1672.8
1672.2
1672.8
1672.2
1672.8
1672.2
1672.8
1672.2
1672.8
1672.2
1672.8
1672.2
1672.8
1672.2
1672.8
1672.2
1672.8
1672.2
1672.8
1672.2
1672.8
1672.2
1672.8
1672.2
1672.8
1672.2
1672.8
1672.2
1672.8
1672.2
1672.8
1672.2
1672.8
1672.2
1672.8
1672.2
1672.8
1672.2
1672.8
1672.2
1672.8
1672.1
1672.8
1672.1
1672.8
1672.1
1672.8
1672.1
1672.8
1672.2
1672.8
1672.2
1672.8
1672.1
1672.8
1672.1
1672.8
1672.2
1672.8
1672.2
1672.8
1672.1
1672.8
1672.2
1672.8
1672.2
1672.8
1672.1
1672.8
1672.1
1672.8
1672.1
1672.8
1672.1
1672.8
1672.1
1672.8
1672.1
1672.8
1672.1
1672.8
1672.1
1672.8
1672.1
1672.7
1672.1
1672.8
1672.1
1672.8
1672.1
1672.7
1672.1
1672.8
1672.1
1672.8
1672.1
1672.8
1672.1
1672.8
1672.1
1672.7
1672.1
1672.8
1672.1
1672.7
1672.1
1672.7
1672.0
1672.7
1672.1
1672.7
1672.1
1672.7
1672.1
1672.7
1672.1
1672.8
1672.1
1672.8
1672.1
1672.7
1672.1
1672.7
1672.1
1672.7
1672.1
1672.7
1672.1
1672.7
1672.0
1672.7
1672.1
1672.7
1672.0
1672.7
1672.0
1672.7
1672.0
1672.7
1672.0
1672.7
1672.0
1672.7
1672.0
1672.7
1672.0
1672.8
1672.1
1672.8
1672.1
1672.8
1672.1
1672.8
1672.1
1672.8
1672.1
1672.8
1672.1
1672.8
1672.1
1672.8
1672.1
1672.7
1672.1
1672.8
1672.1
1672.8
1672.1
1672.8
1672.1
1672.8
1672.1
1672.8
1672.1
1672.7
1672.1
1672.8
1672.1
1672.8
1672.1
1672.8
1672.2
1673.3
1672.1
1672.8
1672.1
1672.7
1672.1
1672.8
1672.1
1672.8
1672.1
1672.8
1672.1
1672.8
1672.1
1672.7
1672.1
1672.8
1672.1
1672.8
1672.2
1673.3
1672.1
1673.3
1672.1
1672.8
1672.1
1672.7
1672.1
1672.8
1672.2
1672.8
1672.0
1673.3
1672.1
1672.8
1672.1
1672.8
1672.1
1672.7
1672.1
1672.8
1672.1
1672.8
1672.1
1672.8
1672.1
1672.7
1672.1
1672.8
1672.1
1672.8
1672.1
1672.8
1672.1
1672.8
1672.1
1672.7
1672.0
1672.8
1672.1
1672.7
1672.1
1672.7
1672.1
1672.8
1672.1
1672.7
1672.1
1672.8
1672.1
1672.8
1672.0
1672.7
1672.1
1672.8
1672.0
1672.7
1672.1
1672.8
1672.1
1672.7
1672.1
1672.7
1672.1
1672.7
1672.1
1672.7
1672.1
1672.8
1672.1
1672.7
1672.1
1672.8
1672.0
1672.7
1672.1
1672.7
1671.9
1672.5
1671.9
1672.5
1671.9
1672.6
1671.9
1672.5
1671.9
1673.2
1671.9
1673.4
1671.9
1672.6
1671.9
1672.5
1671.9
1672.5
1671.9
1672.6
1671.9
1672.5
1671.9
1672.5
1671.9
1672.5
1671.9
1672.5
1671.9
1672.5
1671.9
1672.5
1671.9
1672.5
1671.9
1672.5
1671.9
1672.5
1671.9
1672.5
1671.9
1672.5
1671.9
1672.5
1671.8
1672.5
1670.2
1670.8
1670.2
1670.8
1670.2
1670.8
1670.2
1670.8
1670.2
1670.8
1670.2
1670.8
1670.2
1670.8
1670.2
1670.9
1670.2
1670.8
1670.2
1670.8
1670.2
1670.8
1670.1
1670.8
1670.1
1671.3
1670.1
1671.2
1670.0
1670.7
1669.9
1670.6
1670.0
1670.6
1670.0
1670.6
1670.0
1670.6
1670.0
1670.6
1670.0
1670.6
1670.0
1670.6
1669.9
1670.6
1670.0
1670.6
1669.9
1670.6
1669.9
1670.6
1670.0
1670.6
1670.0
1670.6
1670.0
1670.6
1669.9
1670.6
1670.0
1670.6
1670.0
1670.6
1669.9
1670.6
1670.0
1670.6
1669.9
1670.6
1669.9
1670.6
1669.9
1670.6
1669.9
1670.6
1669.9
1670.5
1669.9
1670.6
1669.9
1670.6
1669.9
1670.6
1669.9
1670.5
1669.9
1670.6
1669.9
1670.5
1669.9
1670.5
1669.9
1670.5
1669.9
1670.6
1670.0
1670.6
1670.0
1670.6
1670.1
1670.6
1670.0
1670.6
1670.0
1670.6
1670.1
1670.6
1670.0
1670.6
1669.9
1670.6
1670.0
1670.6
1670.0
1670.6
1670.1
1670.6
1670.0
1670.6
1670.0
1670.6
1670.0
1670.6
1669.9
1670.6
1670.0
1670.6
1670.0
1670.6
1670.0
1670.6
1670.0
1670.6
1670.0
1670.6
1670.0
1670.6
1670.0
1670.6
1670.0
1670.6
1670.0
1670.6
1670.0
1670.6
1669.9
1670.6
1669.9
1670.6
1670.0
1670.6
1670.0
1670.6
1670.0
1670.6
1670.0
1670.6
1670.0
1670.6
1670.0
1670.6
1670.0
1670.6
1669.9
1670.5
1670.0
1670.6
1670.0
1670.6
1669.9
1670.6
1670.0
1670.6
1670.0
1670.5
1670.0
1670.6
1670.0
1670.6
1669.9
1670.7
1670.0
1671.2
1669.9
1670.6
1670.0
1671.2
1670.0
1670.6
1670.0
1670.6
1669.9
1670.6
1670.0
1670.6
1670.0
1670.6
1670.0
1670.6
1670.0
1670.6
1670.0
1670.6
1670.0
1670.6
1670.0
1670.6
1670.0
1670.6
1669.9
1670.6
1670.0
1670.6
1669.9
1670.6
1670.0
1670.6
1670.0
1670.6
1670.0
1670.6
1670.0
1670.6
1670.0
1670.6
1670.0
1670.6
1670.0
1670.6
1670.0
1670.6
1670.0
1670.6
1669.9
1670.6
1669.9
1670.6
1669.9
1670.6
1669.9
1670.6
1669.9
1670.6
1669.9
1670.6
1669.9
1670.6
1670.0
1670.6
1669.9
1670.5
1669.9
1670.5
1669.9
1670.6
1669.9
1670.6
1669.9
1670.6
1669.9
1670.6
1669.9
1670.6
1669.9
1670.6
1669.9
1670.6
1669.9
1670.5
1669.9
1670.6
1669.9
1670.6
1669.9
1670.6
1670.0
1670.6
1669.9
1670.6
1669.9
1670.6
1669.9
1670.6
1669.9
1670.6
1669.9
1670.6
1669.9
1670.5
1669.9
1671.2
1669.9
1670.6
1669.9
1670.7
1669.9
1670.6
1669.9
1670.6
1669.9
1670.6
1669.9
1670.6
1669.9
1670.6
1669.9
1670.6
1669.9
1670.5
1669.9
1670.6
1669.9
1670.6
1669.9
1670.5
1669.9
1670.5
1669.9
1670.5
1669.9
1670.5
1669.9
1670.5
1669.9
1670.5
1669.9
1670.5
1669.9
1670.5
1669.9
1670.5
1669.9
1670.5
1669.9
1670.5
1669.9
1670.5
1669.9
1670.5
1669.9
1670.5
1669.9
1670.5
1669.9
1670.5
1669.9
1670.5
1669.9
1670.5
1669.9
1670.5
1669.9
1670.5
1669.9
1670.5
1669.9
1670.5
1669.9
1670.5
1669.8
1670.5
1669.9
1670.5
1669.9
1670.5
1669.9
1670.6
1669.9
1670.5
1669.9
1670.5
1669.9
1670.5
1669.9
1670.5
1669.9
1670.5
1669.9
1670.6
1669.9
1670.5
1669.9
1670.5
1669.9
1670.6
1669.9
1670.6
1669.9
1670.5
1669.9
1670.5
1669.9
1670.5
1669.9
1670.5
1669.9
1670.5
1669.9
1670.5
1669.9
1670.5
1669.9
1670.6
1669.9
1670.5
1669.9
1670.5
1669.9
1670.5
1669.9
1670.5
1669.9
1670.6
1669.9
1670.5
1669.9
1670.5
1669.9
1670.6
1669.9
1670.6
1669.9
1670.5
1669.9
1670.6
1669.9
1670.5
1669.9
1670.5
1669.9
1670.5
1669.9
1670.5
1669.9
1670.5
1669.9
1670.5
1669.9
1670.5
1669.9
1670.5
1669.9
1670.5
1669.9
1670.5
1669.9
1670.5
1669.9
1670.5
1669.9
1670.5
1669.9
1670.5
1669.9
1670.6
1669.9
1670.6
1669.9
1670.5
1671.4
1670.5
1671.5
1670.6
1670.1
1670.5
1671.0
1670.5
1669.9
1670.7
1669.9
1670.5
1670.3
1670.5
1669.9
1670.5
1669.9
1670.5
1670.5
1671.1
1669.9
1670.5
1669.9
1670.5
1669.9
1670.5
1670.4
1670.5
1670.4
1670.5
1670.1
1670.5
1670.6
1671.1
1671.5
1670.5
1670.5
1670.7
1670.5
1671.5
1670.5
1670.5
1670.5
1671.4
1670.5
1670.2
1670.5
1670.5
1670.6
1670.5
1670.5
1671.5
1670.4
1670.5
1670.5
1670.5
1669.9
1670.5
1670.5
1671.1
1669.9
1669.8
1669.9
1669.9
1669.9
1671.4
1670.4
1669.9
1669.8
1670.5
1669.8
1670.5
1669.8
1670.5
1669.8
1670.5
1669.9
1670.5
1669.8
1670.8
1669.8
1669.8
1669.8
1671.0
1669.9
1670.5
1669.9
1670.5
1669.9
1670.5
1669.9
1670.5
1669.9
1671.0
1669.9
1670.5
1669.9
1670.5
1669.8
1670.5
1669.8
1670.5
1669.8
1670.9
1669.8
1670.4
1669.8
1670.5
1669.8
1670.5
1669.8
1670.5
1669.8
1670.5
1669.8
1670.5
1669.8
1670.5
1669.8
1670.4
1669.8
1670.5
1669.8
1670.5
1669.8
1670.4
1669.8
1670.9
1669.8
1671.4
1669.8
1670.5
1669.8
1670.4
1669.8
1670.9
1669.8
1670.5
1669.8
1670.5
1669.8
1670.4
1669.8
1670.4
1669.8
1670.4
1669.8
1670.4
1669.8
1670.4
1669.8
1670.4
1669.8
1670.4
1669.8
1670.4
1669.8
1670.4
1669.9
1670.3
1669.8
1670.4
1669.8
1670.4
1669.8
1670.4
1669.9
1670.4
1670.4
1669.8
1670.4
1670.4
1670.4
1670.6
1670.4
1669.7
1670.4
1669.8
1670.4
1670.6
1670.4
1670.4
1669.8
1670.5
1670.0
1670.5
1671.4
1670.5
1670.4
1670.5
1670.4
1670.4
1670.5
1671.4
1669.8
1671.3
1670.9
1670.4
1670.5
1670.5
1669.8
1669.8
1669.8
1671.2
1670.4
1670.9
1670.4
1670.4
1670.4
1670.4
1670.4
1669.8
1671.1
1669.8
1670.4
1669.8
1670.5
1671.4
1670.4
1670.5
1670.5
1670.5
1671.3
1671.1
1669.8
1671.1
1669.8
1669.8
1669.8
1670.3
1669.8
1670.4
1669.8
1670.4
1669.8
1671.4
1669.8
1671.1
1670.8
1669.8
1670.8
1669.8
1670.4
1669.8
1670.4
1669.8
1670.4
1670.8
1670.8
1670.4
1670.2
1670.4
1670.4
1670.4
1669.8
1670.4
1669.8
1669.8
1669.8
1671.3
1669.8
1671.3
1670.1
1670.4
1670.4
1670.8
1670.6
1670.4
1670.4
1669.8
1671.0
1669.8
1671.1
1669.8
1669.7
1669.9
1671.1
1669.6
1669.8
1669.8
1670.9
1669.8
1671.1
1669.8
1669.8
1669.7
1669.7
1670.3
1669.8
1669.8
1670.8
1671.4
1669.8
1669.7
1670.4
1669.7
1670.6
1670.4
1671.3
1670.4
1670.3
1670.9
1670.4
1670.5
1670.3
1670.4
1670.8
1670.4
1670.4
1670.4
1670.4
1670.4
1670.4
1670.4
1670.4
1670.4
1671.3
1670.4
1669.8
1670.4
1669.7
1670.4
1669.8
1670.4
1669.8
1670.9
1669.8
1670.7
1670.7
1670.4
1670.5
1671.3
1671.1
1669.7
1671.2
1669.7
1671.2
1669.6
1670.6
1670.2
1669.7
1669.6
1669.6
1669.7
1671.1
1669.7
1670.8
1669.7
1671.3
1669.7
1671.1
1669.7
1671.1
1669.7
1670.8
1669.7
1671.3
1671.2
1669.6
1669.7
1670.9
1669.7
1670.8
1669.7
1671.1
1669.6
1671.1
1669.7
1670.9
1669.7
1670.4
1669.7
1670.3
1669.7
1670.3
1669.7
1670.3
1669.7
1670.4
1669.6
1670.6
1669.7
1670.3
1669.6
1670.3
1669.6
1670.3
1669.7
1670.3
1669.7
1670.3
1669.6
1670.3
1669.7
1670.3
1669.6
1670.3
1669.7
1670.3
1669.6
1670.3
1669.7
1670.3
1669.7
1670.3
1669.6
1670.2
1669.6
1670.3
1669.6
1670.3
1669.6
1670.2
1669.6
1670.3
1669.6
1670.3
1669.6
1670.2
1669.6
1670.9
1669.6
1671.2
1669.6
1670.3
1669.6
1670.2
1669.6
1670.3
1669.6
1671.2
1669.6
1671.2
1669.6
1670.2
1669.6
1670.6
1669.6
1670.3
1669.7
1670.9
1669.7
1671.2
1669.6
1671.3
1669.7
1671.3
1669.6
1671.0
1669.7
1670.3
1669.7
1670.4
1669.6
1670.3
1669.7
1670.3
1669.7
1670.3
1669.7
1670.3
1669.7
1670.3
1669.7
1670.2
1669.7
1670.3
1669.7
1670.3
1669.6
1670.3
1669.6
1670.8
1669.6
1670.2
1669.6
1670.4
1669.7
1670.3
1669.6
1670.3
1669.6
1670.3
1669.7
1670.3
1669.6
1670.2
1669.6
1670.3
1669.6
1670.3
1669.7
1670.3
1669.6
1670.3
1669.6
1670.6
1669.7
1670.3
1669.6
1670.3
1670.1
1670.3
1670.3
1670.3
1670.3
1670.3
1670.3
1670.2
1670.3
1670.4
1670.2
1670.6
1670.3
1669.6
1670.3
1669.6
1670.8
1669.6
1670.8
1669.6
1670.3
1669.6
1670.3
1669.6
1670.3
1669.6
1670.3
1669.6
1670.3
1669.6
1670.3
1669.6
1670.3
1669.6
1670.3
1669.6
1670.3
1669.6
1670.3
1669.6
1670.2
1669.6
1670.3
1669.6
1670.3
1669.6
1670.3
1669.6
1670.3
1669.6
1670.3
1669.7
1670.2
1669.6
1670.3
1669.6
1670.3
1669.6
1670.3
1669.6
1670.3
1669.6
1670.3
1669.6
1670.3
1669.6
1670.3
1669.7
1670.3
1669.6
1670.3
1669.6
1670.3
1669.6
1670.3
1669.6
1670.2
1669.7
1670.2
1669.7
1670.3
1669.7
1670.2
1669.6
1670.3
1669.6
1670.2
1669.6
1670.2
1669.6
1670.2
1669.6
1670.3
1669.6
1670.3
1669.6
1670.2
1669.6
1670.3
1669.6
1670.3
1669.6
1670.3
1669.6
1670.3
1669.6
1670.3
1669.6
1670.3
1669.6
1670.3
1669.6
1670.3
1669.6
1670.2
1669.6
1670.2
1669.6
1670.3
1669.6
1670.2
1669.6
1670.2
1669.6
1670.2
1669.6
1670.2
1669.6
1670.2
1669.6
1670.2
1669.6
1670.2
1669.6
1670.2
1669.6
1670.2
1669.6
1670.2
1669.6
1670.2
1669.6
1670.2
1669.6
1670.2
1669.6
1670.2
1669.6
1670.2
1669.6
1670.2
1669.6
1670.2
1669.6
1670.2
1669.6
1670.2
1669.6
1670.2
1669.6
1670.2
1669.6
1670.2
1669.6
1670.2
1669.6
1670.2
1669.6
1670.2
1669.6
1670.2
1669.6
1670.2
1669.6
1670.2
1669.6
1670.2
1669.6
1670.2
1669.6
1670.2
1669.6
1670.2
1669.6
1670.2
1669.6
1670.2
1669.6
1670.2
1669.6
1670.2
1669.5
1670.2
1669.6
1670.2
1669.6
1670.2
1669.6
1670.2
1669.6
1670.2
1669.6
1670.2
1669.6
1670.2
1669.5
1670.2
1669.5
1670.2
1669.6
1670.2
1669.6
1670.2
1669.6
1670.2
1669.6
1670.2
1669.6
1670.2
1669.6
1670.2
1669.6
1670.2
1669.6
1670.2
1669.6
1670.2
1669.6
1670.2
1669.6
1670.2
1669.6
1670.3
1669.6
1670.2
1669.6
1670.2
1669.6
1670.2
1669.6
1670.2
1669.6
1670.2
1669.6
1670.2
1669.6
1670.2
1669.6
1670.2
1669.6
1670.2
1669.6
1670.2
1669.6
1670.2
1669.6
1670.2
1669.6
1670.2
1669.6
1670.2
1669.6
1670.2
1669.6
1670.2
1669.6
1670.2
1669.6
1670.2
1669.6
1670.2
1669.6
1670.1
1669.6
1670.2
1669.6
1670.2
1669.6
1670.2
1669.6
1670.2
1669.6
1670.2
1669.6
1670.2
1669.6
1670.2
1669.6
1670.2
1669.6
1670.2
1669.6
1670.2
1669.6
1670.2
1669.6
1670.2
1669.6
1670.2
1669.6
1670.2
1669.6
1670.2
1669.6
1670.2
1669.6
1670.2
1669.6
1670.2
1669.6
1670.2
1669.7
1670.2
1670.1
1670.2
1669.6
1670.2
1669.6
1670.2
1669.6
1670.2
1670.3
1670.2
1670.2
1670.2
1670.1
1671.1
1670.2
1670.2
1670.2
1669.6
1670.2
1669.5
1670.2
1669.6
1670.2
1669.6
1670.2
1670.2
1670.1
1669.8
1670.2
1670.1
1671.1
1670.2
1669.6
1670.2
1669.5
1670.2
1669.6
1670.2
1669.6
1670.2
1669.6
1670.2
1669.6
1671.2
1669.5
1670.2
1669.5
1670.9
1669.5
1670.8
1669.6
1670.8
1669.5
1670.5
1669.6
1670.2
1669.6
1670.2
1669.9
1670.2
1670.2
1670.1
1670.2
1670.2
1670.6
1670.2
1669.5
1670.2
1669.5
1670.5
1669.6
1671.1
1669.6
1671.1
1669.5
1670.6
1669.6
1670.5
1669.6
1670.3
1669.5
1670.3
1669.5
1670.2
1669.5
1670.2
1669.7
1670.2
1670.5
1670.2
1670.1
1670.1
1669.6
1670.2
1670.2
1670.2
1669.5
1670.2
1669.5
1670.2
1669.5
1671.1
1669.5
1671.0
1669.5
1670.2
1669.5
1670.1
1669.6
1671.1
1669.5
1670.8
1669.5
1670.8
1670.8
1669.5
1669.5
1670.5
1669.5
1670.1
1669.5
1671.0
1669.5
1671.1
1669.5
1671.0
1671.0
1669.5
1669.4
1669.9
1669.4
1669.9
1669.5
1670.1
1669.5
1670.1
1669.5
1670.1
1669.5
1670.1
1669.5
1670.1
1669.5
1670.1
1670.4
1670.1
1670.1
1669.8
1670.1
1670.6
1670.1
1670.1
1669.9
1670.1
1670.6
1670.1
1670.1
1670.1
1670.1
1670.5
1670.1
1670.1
1670.1
1669.5
1670.1
1669.5
1670.1
1671.0
1670.1
1669.5
1670.1
1669.5
1670.1
1669.5
1670.1
1669.5
1670.2
1669.5
1670.2
1669.5
1670.2
1669.5
1670.1
1669.5
1670.1
1669.5
1670.1
1669.5
1670.1
1669.5
1670.1
1669.5
1670.1
1669.5
1670.1
1669.5
1670.2
1669.5
1670.1
1669.5
1670.1
1669.5
1670.1
1669.5
1670.7
1669.5
1670.1
1669.5
1670.7
1669.5
1671.0
1669.5
1670.9
1669.5
1670.7
1670.4
1669.5
1669.5
1670.0
1669.5
1670.6
1669.5
1670.7
1669.5
1670.1
1669.5
1670.1
1669.5
1670.2
1669.5
1670.1
1669.5
1670.2
1669.5
1671.1
1669.5
1670.2
1669.5
1670.1
1669.5
1670.1
1669.5
1670.1
1669.5
1670.1
1669.5
1670.1
1669.5
1670.1
1669.5
1670.1
1669.5
1670.1
1669.5
1670.1
1669.5
1670.1
1669.5
1670.1
1669.5
1670.1
1669.5
1670.1
1669.5
1670.1
1669.5
1670.1
1669.5
1670.1
1669.5
1670.2
1669.5
1670.1
1669.5
1670.1
1669.5
1670.1
1669.5
1670.1
1669.5
1670.1
1669.5
1670.1
1669.5
1670.1
1669.5
1670.2
1669.5
1670.1
1669.5
1670.1
1669.5
1670.1
1669.5
1670.1
1669.5
1670.1
1669.5
1670.1
1669.5
1670.1
1669.5
1670.1
1669.5
1670.1
1669.5
1670.1
1669.5
1670.1
1669.5
1670.1
1669.5
1670.1
1669.5
1670.1
1669.5
1670.1
1669.5
1670.1
1669.5
1670.1
1669.5
1670.2
1669.5
1670.1
1669.5
1670.1
1669.5
1670.1
1669.5
1670.1
1669.5
1670.1
1669.5
1670.1
1669.5
1670.1
1669.5
1670.1
1669.5
1670.1
1669.5
1670.1
1669.5
1670.1
1669.5
1670.1
1669.5
1670.1
1669.5
1670.1
1669.4
1670.1
1669.5
1670.1
1669.5
1670.1
1669.5
1670.1
1669.5
1670.1
1669.5
1670.1
1669.5
1670.1
1669.4
1670.1
1669.4
1670.1
1669.5
1670.1
1669.4
1670.1
1669.4
1670.1
1669.4
1670.1
1669.4
1670.1
1669.4
1670.1
1669.4
1670.1
1669.4
1670.1
1669.4
1670.0
1669.4
1670.0
1669.4
1670.0
1669.3
1670.0
1669.4
1670.1
1669.4
1670.1
1669.4
1670.1
1669.4
1670.1
1669.4
1670.0
1669.4
1670.1
1669.4
1670.1
1669.4
1670.0
1669.4
1670.8
1671.0
1669.4
1670.9
1669.4
1669.3
1670.0
1669.4
1670.1
1669.4
1670.1
1669.4
1670.0
1669.4
1670.0
1669.3
1670.0
1669.4
1670.0
1669.3
1670.0
1669.4
1670.0
1669.7
1670.0
1670.0
1670.1
1670.5
1670.1
1670.2
1670.1
1670.0
1670.1
1669.5
1670.1
1669.5
1670.1
1669.5
1670.1
1669.4
1670.1
1669.3
1669.9
1669.3
1669.9
1669.3
1669.9
1669.3
1669.9
1669.3
1669.9
1669.3
1669.9
1669.3
1669.9
1669.3
1669.9
1668.9
1669.6
1668.9
1669.5
1668.9
1669.5
1668.9
1669.5
1668.9
1669.5
1668.9
1669.5
1668.9
1669.5
1668.9
1669.5
1668.9
1669.5
1668.9
1669.5
1668.9
1669.5
1668.9
1669.5
1668.9
1669.5
1668.9
1669.5
1668.9
1669.5
1668.9
1669.5
1668.9
1669.5
1668.9
1669.5
1668.9
1669.5
1668.9
1669.5
1668.9
1669.5
1668.9
1669.5
1668.9
1669.5
1668.9
1669.5
1668.9
1669.5
1668.9
1669.5
1668.9
1669.5
1668.9
1669.5
1668.9
1669.5
1668.9
1669.5
1668.9
1669.5
1668.9
1669.5
1668.9
1669.4
1668.9
1669.5
1668.9
1669.5
1668.9
1669.5
1668.9
1669.5
1668.9
1669.5
1668.9
1669.5
1668.9
1669.5
1668.9
1669.5
1668.9
1669.5
1668.9
1669.5
1668.9
1669.5
1668.9
1669.5
1668.9
1669.5
1668.9
1669.5
1668.9
1669.5
1668.9
1669.5
1668.8
1669.5
1668.9
1669.5
1668.9
1669.5
1668.8
1669.5
1668.9
1669.5
1668.9
1669.5
1668.9
1669.5
1668.9
1669.5
1668.9
1669.5
1668.9
1669.5
1668.9
1669.5
1668.9
1669.5
1668.8
1669.5
1668.9
1669.5
1668.9
1669.5
1668.8
1669.5
1668.9
1669.5
1667.8
1668.7
1668.1
1668.8
1668.1
1668.8
1668.1
1668.7
1668.1
1668.7
1668.1
1668.7
1668.1
1668.7
1668.1
1668.8
1668.1
1668.7
1668.1
1668.7
1668.1
1668.8
1668.1
1668.7
1668.1
1668.7
1668.1
1668.7
1668.1
1668.7
1668.1
1668.7
1668.1
1668.7
1668.4
1668.7
1668.1
1668.7
1668.7
1668.7
1668.7
1668.7
1668.7
1668.7
1668.7
1668.7
1668.7
1668.7
1668.6
1668.7
1668.7
1668.7
1668.7
1668.7
1668.6
1668.7
1668.2
1668.1
1668.4
1667.8
1668.5
1667.8
1668.5
1667.8
1668.5
1667.8
1668.5
1667.8
1668.5
1667.8
1668.5
1667.8
1668.4
1667.8
1668.4
1667.8
1668.4
1667.8
1668.4
1667.8
1668.4
1667.8
1668.4
1667.8
1668.4
1667.8
1668.4
1667.8
1668.4
1667.8
1668.4
1667.8
1668.4
1667.8
1668.5
1667.8
1668.4
1667.8
1668.4
1667.8
1668.4
1667.8
1668.4
1667.8
1668.4
1667.8
1668.5
1668.0
1668.5
1667.8
1668.5
1667.8
1668.5
1668.6
1668.5
1667.8
1668.5
1668.0
1668.5
1667.9
1668.5
1668.0
1669.1
1667.8
1669.4
1667.8
1668.5
1667.9
1669.2
1667.8
1668.5
1667.8
1668.5
1667.8
1668.5
1668.5
1668.5
1668.4
1668.5
1668.4
1668.5
1668.4
1668.5
1668.2
1668.5
1667.8
1668.5
1667.8
1668.4
1667.8
1668.4
1667.8
1668.5
1667.9
1668.5
1667.8
1668.5
1667.8
1668.5
1667.8
1668.5
1667.8
1667.8
1667.8
1668.5
1667.8
1667.8
1667.8
1669.4
1667.8
1669.4
1667.8
1669.0
1669.2
1667.8
1667.9
1669.2
1667.8
1667.8
1667.8
1668.3
1668.0
1668.4
1668.5
1668.4
1668.4
1669.3
1668.5
1668.4
1668.8
1668.5
1668.4
1668.4
1668.9
1668.4
1669.1
1668.8
1669.5
1668.2
1669.2
1667.7
1667.7
1667.8
1669.1
1668.4
1668.4
1667.7
1667.7
1667.8
1668.4
1668.6
1668.7
1667.8
1667.8
1667.9
1668.4
1669.1
1668.4
1668.4
1668.4
1668.4
1667.8
1668.4
1668.2
1669.3
1668.7
1668.4
1668.4
1667.9
1668.4
1667.8
1668.4
1667.8
1668.5
1668.2
1667.7
1669.3
1667.8
1667.7
1669.2
1667.8
1669.3
1668.2
1667.7
1667.7
1668.4
1667.8
1669.0
1669.3
1667.8
1669.3
1667.8
1667.7
1669.3
1667.8
1669.2
1667.7
1668.9
1667.8
1668.4
1667.7
1668.4
1667.8
1668.4
1667.8
1668.4
1667.8
1668.4
1667.7
1668.4
1667.7
1668.4
1667.8
1668.4
1667.8
1668.4
1667.7
1668.4
1667.8
1668.4
1667.7
1668.4
1667.7
1668.4
1667.8
1668.7
1667.7
1668.4
1667.7
1668.6
1667.8
1668.4
1667.7
1668.4
1667.8
1668.4
1667.7
1668.4
1667.7
1668.5
1667.7
1668.5
1667.7
1668.4
1667.7
1668.3
1667.7
1668.4
1667.7
1668.3
1667.7
1668.4
1667.7
1668.4
1667.7
1668.3
1667.7
1668.4
1667.7
1668.3
1667.8
1668.4
1667.7
1668.4
1667.7
1668.4
1667.0
1667.9
1667.3
1667.9
1667.3
1667.9
1667.3
1667.9
1667.3
1667.9
1667.3
1667.9
1667.3
1667.9
1667.3
1667.9
1667.3
1667.9
1667.3
1667.9
1667.3
1667.9
1667.3
1667.9
1667.3
1667.9
1667.3
1667.9
1667.2
1668.0
1667.3
1668.8
1667.2
1668.4
1667.3
1668.9
1667.3
1667.9
1667.3
1667.9
1667.3
1667.9
1667.3
1668.9
1667.2
1668.1
1667.4
1669.0
1667.3
1668.5
1667.4
1667.9
1667.4
1667.9
1667.3
1667.9
1667.3
1667.9
1667.4
1667.9
1667.4
1668.0
1667.4
1668.0
1667.3
1667.9
1667.3
1667.9
1667.4
1667.9
1667.4
1667.9
1667.4
1667.9
1667.3
1667.9
1667.3
1667.9
1667.3
1667.9
1667.3
1667.9
1667.3
1667.9
1667.3
1668.0
1668.1
1667.9
1667.3
1667.9
1667.4
1667.9
1667.5
1667.9
1668.4
1667.9
1667.8
1668.0
1667.8
1667.9
1667.4
1667.9
1667.4
1667.9
1667.4
1667.9
1667.5
1667.9
1667.5
1667.9
1667.4
1667.9
1667.3
1667.9
1667.3
1667.9
1667.4
1667.9
1667.3
1667.9
1667.5
1667.9
1667.5
1667.9
1667.3
1667.9
1667.4
1667.9
1667.2
1667.9
1667.3
1667.9
1667.9
1667.3
1667.9
1667.3
1668.1
1667.3
1668.8
1667.3
1668.9
1667.3
1668.9
1667.3
1668.9
1667.2
1667.9
1667.3
1668.4
1667.3
1668.5
1667.3
1668.7
1667.3
1667.9
1667.3
1667.9
1666.7
1666.9
1666.3
1666.9
1666.9
1666.9
1666.9
1666.9
1666.9
1667.0
1666.9
1666.9
1666.4
1666.9
1666.4
1666.9
1666.5
1666.9
1666.3
1666.9
1666.3
1666.9
1666.3
1666.9
1666.3
1666.9
1666.3
1666.9
1666.3
1666.9
1666.3
1666.9
1666.3
1666.9
1666.3
1666.9
1666.3
1666.9
1666.3
1666.9
1666.3
1666.9
1667.2
1667.9
1667.2
1667.9
1667.3
1667.9
1667.3
1667.9
1667.3
1668.5
1667.2
1667.9
1667.3
1667.9
1667.2
1667.9
1667.3
1667.8
1667.2
1667.9
1667.3
1667.9
1667.3
1667.9
1667.3
1667.9
1667.2
1667.9
1667.3
1667.9
1667.2
1667.8
1667.2
1667.9
1667.2
1667.9
1667.2
1667.9
1667.2
1667.8
1669.5
1669.5
1669.5
1669.5
1669.5
1669.5
1669.5
1669.5
1669.5
1669.5
1669.5
1669.5
1669.5
1669.5
1669.5
1669.5
1669.5
1669.5
