Time MEM Virt Res SHR CPU free
0:00.15 0.4 226712 7392 2984 46.7 1650.0
0:00.40 0.8 234368 15044 2984 45.0 1635.4
0:00.63 1.2 241232 21908 2984 38.9 1622.1
0:00.84 1.5 247964 28508 2984 37.5 1610.0
0:01.06 1.8 253772 34316 2984 38.9 1599.4
0:01.25 2.1 259316 39860 2984 36.8 1587.5
0:01.45 2.4 265124 45668 2984 30.0 1574.9
0:01.68 2.8 271592 52268 2984 44.4 1562.8
0:01.88 3.1 277136 57812 2984 33.3 1551.0
0:02.11 3.4 283736 64412 2984 36.8 1537.6
0:02.34 3.8 290336 71012 2984 41.2 1525.1
0:02.56 4.1 296540 77348 2984 40.0 1513.1
0:02.76 4.4 302348 82892 2984 41.2 1500.4
0:02.99 4.8 308816 89492 2984 44.4 1488.6
0:03.19 5.1 314888 95564 2984 38.9 1476.5
0:03.40 5.4 320432 101108 2984 37.5 1463.4
0:03.63 5.7 326504 107180 2984 44.4 1451.1
0:03.86 6.1 332972 113516 2984 42.1 1437.8
0:04.08 6.4 339176 119852 2984 42.1 1426.8
0:04.30 6.7 344060 124604 2984 42.1 1416.9
0:04.51 6.9 349076 129620 2984 36.8 1406.1
0:04.74 7.2 354224 134900 2984 42.1 1396.7
0:04.96 7.5 358976 139652 2984 31.6 1386.5
0:05.18 7.7 363860 144404 2984 47.1 1376.5
0:05.39 8.0 369140 149684 2984 38.9 1367.2
0:05.59 8.2 373628 154172 2984 36.8 1357.6
0:05.80 8.5 378512 159188 2984 38.9 1346.8
0:06.04 8.8 384320 164996 2984 42.1 1336.1
0:06.25 9.0 388676 169220 2984 35.3 1327.2
0:06.47 9.3 393824 174500 2984 36.8 1317.2
0:06.69 9.6 398708 179252 2984 38.9 1307.0
0:06.91 9.8 403592 184268 2984 36.8 1296.7
0:07.13 10.1 408872 189548 2984 38.9 1286.5
0:07.35 10.4 413756 194300 2984 44.4 1276.4
0:07.56 10.7 418904 199580 2984 35.3 1266.2
0:07.79 10.9 423920 204596 2984 35.0 1256.2
0:08.00 11.2 428540 209084 2984 38.9 1246.6
0:08.23 11.5 433688 214364 2984 36.8 1236.3
0:08.46 11.7 438704 219380 2984 44.4 1217.8
0:08.83 12.2 447152 227828 2984 44.4 1208.1
0:09.06 12.5 452828 233372 2984 50.0 1198.2
0:09.27 12.7 457580 238124 2984 38.9 1187.7
0:09.50 13.0 462068 242612 2984 35.3 1179.3
0:09.72 13.2 466556 247100 2984 41.2 1170.5
0:09.94 13.4 471044 251588 2984 43.8 1161.0
0:10.15 13.7 475664 256340 2984 47.1 1151.1
0:10.36 14.0 480548 261092 2984 41.2 1141.0
0:10.60 14.3 485960 266636 2984 44.4 1130.8
0:10.81 14.5 490844 271388 2984 38.9 1120.9
0:11.03 14.8 495992 276668 2984 44.4 1110.5
0:11.26 15.0 500612 281156 2984 44.4 1101.6
0:11.47 15.3 505100 285644 2984 38.9 1092.5
0:11.69 15.5 509720 290396 2984 41.2 1083.7
0:11.91 15.7 513812 294356 2984 44.4 1075.0
0:12.13 16.0 518300 298844 2984 36.8 1065.3
0:12.36 16.2 523184 303860 2984 35.0 1056.4
0:12.58 16.5 527804 308348 2984 43.8 1047.6
0:12.78 16.7 532160 312836 2984 36.8 1037.7
0:13.00 17.0 536912 317588 2984 36.8 1029.1
0:13.23 17.3 542192 322868 2984 43.8 1019.1
0:13.46 17.5 546944 327620 2984 41.2 1008.8
0:13.68 17.8 551828 332372 2984 36.8 999.4
0:13.89 18.0 556316 336860 2984 33.3 988.9
0:14.10 18.3 560804 341612 2984 33.3 979.8
0:14.32 18.5 565952 346628 2984 36.8 969.7
0:14.52 18.7 569912 350588 2984 36.8 961.3
0:14.73 19.0 574664 355340 2984 35.3 952.5
0:14.93 19.2 578360 359036 2984 30.0 944.1
0:15.13 19.4 582320 362996 2984 33.3 935.5
0:15.36 19.7 587204 367748 2984 44.4 927.0
0:15.57 19.9 591692 372236 2984 35.3 917.4
0:15.77 20.1 596180 376724 2984 33.3 909.9
0:15.98 20.4 600668 381212 2984 38.9 900.3
0:16.18 20.6 605024 385700 2984 31.6 891.6
0:16.40 20.9 610040 390716 2984 38.9 881.8
0:16.61 21.1 614528 395204 2984 35.3 871.2
0:16.83 21.4 620600 401276 2984 47.1 860.2
0:17.03 21.8 626672 407348 2984 47.1 847.2
0:17.26 22.1 633536 414212 2984 43.8 833.3
0:17.50 22.5 640532 421076 2984 43.8 819.1
0:17.73 22.9 647660 428204 2984 40.0 803.9
0:17.95 23.2 653864 434540 2984 38.9 792.5
0:18.17 23.6 660068 440612 2984 36.8 779.3
0:18.38 23.9 666932 447476 2984 41.2 766.4
0:18.59 24.2 672608 453284 2984 38.9 753.8
0:18.81 24.5 678416 459092 2984 41.2 741.7
0:19.01 24.9 684620 465164 2984 37.5 729.4
0:19.22 25.2 690956 471500 2984 41.2 716.6
0:19.44 25.5 697160 477836 2984 47.1 704.1
0:19.64 25.9 703232 483908 2984 38.9 692.4
0:19.84 26.2 709568 490244 2984 41.2 679.4
0:20.06 26.5 715640 496316 2984 42.1 666.6
0:20.26 26.9 722240 502916 2984 31.6 653.4
0:20.49 27.2 728972 509516 2984 42.1 639.9
0:20.69 27.5 734648 515324 2984 35.3 627.7
0:20.91 27.9 741380 521924 2984 43.8 614.7
0:21.14 28.2 746924 527468 2984 42.1 603.4
0:21.37 28.5 752996 533540 2984 38.1 592.1
0:21.58 28.8 758144 538820 2984 31.2 581.5
0:21.81 29.1 763028 543572 2984 35.3 572.4
0:22.05 29.3 767516 548060 2984 42.1 563.9
0:22.28 29.5 771608 552284 2984 33.3 554.5
0:22.53 29.8 776492 557036 2984 38.1 545.5
0:22.73 30.0 780584 561260 2984 38.9 537.4
0:22.94 30.2 784676 565220 2984 42.1 528.4
0:23.16 30.5 789692 570236 2984 35.3 518.8
0:23.39 30.7 794180 574724 2984 43.8 508.9
0:23.61 31.0 798800 579476 2984 36.8 499.9
0:23.83 31.2 803684 584228 2984 35.3 490.0
0:24.07 31.5 808436 588980 2984 41.2 480.1
0:24.30 31.7 813320 593996 2984 40.0 469.9
0:24.53 32.0 818468 599012 2984 42.1 459.9
0:24.76 32.3 823616 604292 2984 47.4 449.9
0:24.97 32.6 828632 609308 2984 38.1 439.2
0:25.20 32.8 833912 614588 2984 41.2 428.5
0:25.43 33.1 838928 619604 2984 35.0 418.7
0:25.66 33.4 844076 624620 2984 50.0 407.9
0:25.88 33.7 848960 629636 2984 41.2 398.3
0:26.13 33.9 853580 634124 2984 50.0 385.9
0:26.36 34.2 858728 639404 2984 37.5 377.5
0:26.60 34.5 864008 644684 2984 33.3 367.2
0:26.85 34.7 869024 649700 2984 35.3 356.4
0:27.09 35.0 874304 654980 2984 44.4 346.8
0:27.31 35.2 878924 659468 2984 33.3 337.3
0:27.54 35.5 883676 664220 2984 42.1 326.9
0:27.76 35.8 888824 669500 2984 44.4 317.7
0:27.99 36.0 893708 674252 2984 38.9 306.4
0:28.22 36.3 898724 679268 2984 42.1 297.5
0:28.42 36.6 903476 684020 2984 36.8 287.4
0:28.63 36.8 907568 688244 2984 44.4 278.9
0:28.83 37.0 912452 692996 2984 36.8 267.8
0:29.07 37.3 917600 698276 2984 42.1 257.7
0:29.27 37.6 922484 703028 2984 42.1 248.4
0:29.47 37.8 926708 707252 2984 35.0 239.6
0:29.69 38.0 930932 711740 2984 45.0 230.9
0:29.90 38.3 935684 716228 2984 42.1 221.3
0:30.11 38.5 940304 720980 2984 44.4 212.6
0:30.31 38.8 944924 725468 2984 41.2 203.1
0:30.54 39.0 949544 730220 2984 42.1 193.5
0:30.76 39.3 954032 734708 2984 37.5 184.2
0:30.99 39.5 958916 739460 2984 31.6 173.6
0:31.23 39.8 964064 744740 2984 38.9 164.4
0:31.45 40.0 968552 749228 2984 44.4 155.4
0:31.68 40.3 972908 753452 2984 40.0 146.4
0:31.88 40.5 977132 757676 2984 30.0 136.7
0:32.11 40.8 982148 762692 2984 38.9 127.3
0:32.34 41.0 986768 767444 2984 47.4 117.6
0:32.54 41.3 991652 772196 2984 38.9 107.9
0:32.76 41.5 996404 776948 2984 38.9 98.4
0:32.99 41.8 1001288 781964 2984 44.4 88.8
0:33.20 42.1 1006172 786716 2984 36.8 78.0
0:33.40 42.4 1011980 792524 2984 35.3 65.4
0:33.61 42.7 1018184 798860 2984 35.3 53.1
0:33.83 43.0 1024256 804932 2984 39.1 63.2
0:34.26 43.0 1035344 803592 1704 28.9 73.1
0:35.12 41.4 1057388 775420 836 38.1 73.1
0:35.61 40.7 1072040 762192 836 41.2 67.1
0:35.82 40.8 1077716 763768 836 31.6 70.7
0:36.05 41.0 1084184 767800 836 44.4 69.7
0:36.30 41.0 1090520 766428 836 52.9 63.0
0:36.52 41.1 1096196 769036 836 28.6 55.3
0:36.71 41.2 1101344 771588 836 27.8 64.7
0:36.91 40.7 1106228 762008 836 38.9 68.0
0:37.12 41.0 1112696 767072 836 33.3 76.7
0:37.33 40.9 1118372 764876 836 36.8 65.7
0:37.53 40.9 1122728 764360 836 26.3 73.0
0:37.76 41.0 1128800 767356 836 38.1 67.4
0:37.98 40.6 1135532 760084 836 36.8 77.2
0:38.20 40.8 1140416 763900 836 38.9 67.4
0:38.41 41.1 1145036 768388 836 38.9 64.3
0:38.59 40.6 1149128 759632 836 23.8 77.2
0:38.79 40.8 1152956 762524 836 33.3 68.3
0:39.00 41.0 1157576 767276 836 33.3 63.6
0:39.22 40.7 1162196 761508 836 40.0 68.3
0:39.44 41.0 1167344 766524 836 40.0 62.9
0:39.63 41.1 1171568 768292 836 33.3 63.2
0:39.81 40.7 1175396 761412 836 31.6 69.0
0:40.03 41.0 1179884 766164 836 42.1 69.7
0:40.23 40.7 1184108 760708 836 26.3 77.4
0:40.47 40.8 1189124 762620 836 42.1 66.9
0:40.70 41.0 1194140 767372 836 44.4 70.9
0:40.91 41.0 1198892 766196 836 44.4 71.1
0:41.11 40.8 1203248 764232 836 44.4 64.3
0:41.31 40.9 1207868 764304 836 30.0 73.1
0:41.55 40.9 1213280 765584 836 43.8 62.6
0:41.79 40.7 1218032 760608 836 35.0 71.6
0:42.01 40.9 1222916 764920 836 41.2 68.6
0:42.24 40.7 1227800 761784 836 47.1 66.6
0:42.45 40.8 1232552 763108 836 31.6 72.9
0:42.70 40.8 1237436 762472 836 42.9 63.9
0:42.90 40.8 1241132 762628 836 29.4 80.2
0:43.14 40.7 1246016 760876 836 47.1 67.7
0:43.37 40.9 1250504 765364 836 42.1 71.9
0:43.56 40.7 1254200 762328 836 31.6 64.5
0:43.75 40.8 1258292 763640 836 27.8 71.5
0:43.97 40.8 1263308 763736 836 40.0 61.9
0:44.21 40.7 1268192 761352 836 38.9 73.1
0:44.43 40.8 1273076 763080 836 45.0 63.7
0:44.64 40.6 1277168 760216 836 26.1 74.2
0:44.88 40.7 1282316 761172 836 46.7 62.7
0:45.13 40.9 1287860 764504 836 41.7 72.7
0:45.34 40.7 1292480 760660 836 47.4 66.2
0:45.55 40.6 1296836 759640 836 33.3 74.6
0:45.78 40.7 1301720 761584 836 38.9 62.9
0:46.02 40.6 1306736 760436 836 47.4 65.3
0:46.25 40.8 1310960 762820 836 35.0 75.1
0:46.47 40.7 1315712 761436 836 43.8 673.8
0:46.78 41.1 1322444 768036 836 93.8 934.8
0:47.15 41.4 1329836 775428 836 77.8 928.8
0:47.48 41.8 1336568 782292 836 76.5 922.1
0:47.82 42.2 1344224 789948 836 72.2 915.4
0:48.13 42.6 1351088 796812 836 70.6 908.8
0:48.45 42.9 1357424 803148 836 87.5 902.3
0:48.76 43.3 1364288 810012 836 76.5 895.7
0:49.08 43.6 1370624 816348 836 66.7 888.9
0:49.40 44.0 1377752 823476 836 75.0 881.5
0:49.73 44.4 1385144 830868 836 76.5 873.3
0:50.04 44.8 1392140 837732 836 70.6 866.1
0:50.34 45.2 1400720 846444 836 70.6 857.6
0:50.68 45.8 1410884 856476 836 77.8 1080.8
1694.7
1694.7
1694.7
1694.7
1694.7
1694.7
1694.7
1694.7
1694.7
1694.7
1694.7
1694.7
1694.7
1694.7
1694.7
1694.7
1694.7
1694.7
1694.7
1694.7
1694.7
1694.8
1694.8
1694.8
1694.6
1694.6
1694.3
1684.7
1677.9
1670.6
1663.3
1655.2
1648.2
1641.9
1635.0
1626.8
1618.3
1610.1
1600.3
1592.7
1584.0
1576.4
1571.0
1566.3
1559.1
1554.6
1547.6
1542.4
1535.7
1529.2
1523.2
1517.2
1513.1
1508.2
1500.4
1494.4
1487.6
1482.3
1476.6
1470.8
1464.4
1460.0
1453.9
1448.4
1442.0
1436.1
1430.2
1423.9
1416.4
1410.3
1403.5
1399.2
1390.8
1382.9
1376.7
1369.7
1363.4
1357.5
1350.9
1343.9
1336.0
1330.1
1324.1
1318.6
1311.7
1305.8
1300.2
1292.1
1285.3
1279.1
1274.1
1268.6
1262.8
1256.9
1250.5
1244.1
1236.2
1230.5
1220.7
1212.6
1204.3
1195.2
1186.4
1177.1
1167.4
1159.1
1150.6
1142.0
1133.7
1126.3
1117.2
1107.3
1098.4
1089.8
1081.6
1072.5
1063.1
1053.7
1045.8
1035.2
1025.3
1016.6
1007.9
999.9
991.7
986.4
980.3
973.6
966.9
960.4
954.6
946.2
940.5
934.5
928.5
921.3
914.5
907.9
902.2
899.2
893.0
886.1
879.0
873.0
865.4
858.0
851.1
843.3
837.7
831.7
826.6
819.6
812.7
806.9
801.9
797.7
792.3
788.5
779.5
771.8
763.6
756.2
748.6
741.9
734.5
727.9
720.5
714.1
707.8
702.1
695.2
687.6
680.2
673.6
666.4
658.8
653.6
646.8
639.4
630.6
621.0
612.5
604.8
596.2
583.9
573.7
564.0
554.0
547.0
540.1
533.6
525.1
516.3
506.3
496.3
486.1
478.2
470.7
462.1
452.8
445.1
437.2
428.8
420.5
414.1
407.0
399.7
390.8
384.0
373.8
369.0
363.2
357.7
351.8
345.8
342.3
336.1
331.1
327.8
323.3
318.8
315.8
311.9
307.7
301.9
298.9
295.5
291.5
285.4
284.2
278.2
272.4
267.7
261.1
254.2
247.8
242.5
236.0
230.9
223.5
216.5
209.8
203.6
197.1
191.5
186.1
180.5
174.0
168.8
163.2
155.9
151.6
145.8
139.2
133.5
128.3
121.8
114.4
108.5
101.1
94.8
87.4
80.3
73.5
67.1
63.3
64.4
68.5
59.2
63.4
67.5
63.7
61.3
54.4
60.4
67.0
70.5
75.2
64.6
72.9
64.4
70.2
65.1
64.8
55.0
66.1
71.1
68.0
68.2
72.5
67.4
72.0
71.8
64.9
65.3
75.3
69.7
64.8
67.8
67.5
63.8
69.8
77.1
71.5
65.5
68.4
76.3
69.8
63.7
72.6
67.7
66.3
74.7
67.3
73.4
63.1
72.3
64.1
73.8
67.2
61.7
69.9
62.9
72.3
65.9
66.7
69.9
62.3
64.2
60.3
53.7
67.6
63.6
57.0
69.9
90.9
85.3
79.2
73.0
68.9
77.7
76.4
66.9
74.0
66.0
75.0
66.2
70.3
74.4
63.9
74.3
63.3
72.5
73.2
65.1
75.6
73.0
74.3
65.9
76.9
67.3
74.6
63.5
1673.6
1672.3
1672.2
1672.3
1672.3
1671.9
1671.3
1673.6
1672.7
1673.1
1672.0
1672.0
1672.0
1672.0
1671.9
1671.8
1671.8
1672.0
1672.5
1672.6
1671.8
1671.8
1672.1
1671.8
1671.8
1671.8
1671.8
1671.7
1671.8
1671.8
1671.7
1671.7
1671.7
1671.8
1671.7
1672.4
1672.4
1671.8
1671.8
1671.8
1671.8
1671.8
1671.8
1671.8
1671.7
1671.8
1672.7
1672.7
1671.8
1671.8
1671.9
1671.8
1671.8
1671.8
1671.6
1671.7
1671.6
1671.7
1671.6
1671.6
1671.6
1671.7
1672.4
1671.7
1671.6
1671.7
1671.6
1671.7
1671.6
1671.6
1671.6
1671.6
1671.7
1671.6
1671.6
1671.6
1671.6
1671.5
1671.5
1671.6
1671.6
1671.6
1671.6
1671.5
1671.6
1671.6
1671.5
1671.6
1671.5
1671.6
1671.6
1671.5
1671.5
1671.5
1671.5
1671.5
1671.5
1671.5
1671.5
1671.5
1671.6
1671.5
1671.5
1671.5
1671.6
1671.6
1671.6
1671.5
1672.4
1672.6
1673.1
1672.4
1671.5
1673.6
1672.5
1672.2
1672.2
1672.1
1671.5
1671.5
1671.5
1671.5
1671.5
1672.6
1672.7
1672.1
1671.6
1671.4
1671.4
1671.4
1671.4
1671.4
1673.8
1670.8
1671.1
1673.3
1671.4
1672.0
1670.8
1671.9
1672.6
1671.4
1671.4
1671.4
1671.4
1671.6
1672.4
1672.1
1672.0
1672.0
1674.0
1672.6
1671.3
1672.0
1672.0
1672.0
1672.1
1672.0
1673.2
1672.8
1671.3
1671.3
1673.0
1671.4
1672.5
1670.7
1671.2
1670.7
1672.0
1671.9
1672.2
1672.2
1670.7
1671.3
1671.2
1671.4
1672.4
1672.6
1673.5
1671.3
1671.3
1671.3
1674.0
1672.3
1671.9
1672.2
1671.8
1671.6
1671.5
1671.9
1671.9
1671.3
1673.8
1671.9
1671.3
1671.6
1672.5
1671.3
1672.2
1671.3
1670.6
1670.6
1671.9
1671.2
1670.6
1672.9
1671.9
1671.0
1670.4
1670.3
1672.6
1672.4
1671.8
1671.8
1671.7
1671.7
1672.5
1670.4
1670.5
1670.5
1671.3
1671.9
1671.1
1671.1
1673.9
1672.4
1672.3
1672.4
1672.4
1672.4
1672.4
1672.4
1672.4
1672.4
1672.3
1672.4
1672.4
1672.4
1672.4
1672.3
1672.4
1672.3
1671.1
1663.6
1663.6
1663.6
1663.6
1663.6
1663.6
1663.6
1663.6
1663.7
1663.6
1663.6
1663.6
1663.7
1663.7
1663.7
1663.6
1663.6
1663.6
1665.9
1665.9
1665.8
1665.9
1665.9
1665.9
1665.9
1665.8
1665.9
1665.8
1665.9
1665.9
1665.9
1665.9
1665.9
1665.9
1665.9
1665.9
1665.9
1665.9
1665.9
1665.8
1665.9
1665.9
1665.9
1665.8
1665.9
1665.9
1665.8
1665.9
1665.8
1665.8
1665.8
1665.8
1665.8
1665.8
1665.9
1665.8
1665.8
1665.8
1665.8
1665.8
1665.8
1665.8
1665.8
1665.8
1665.8
1665.8
1665.8
1665.8
1665.8
1665.8
1665.8
1665.8
1665.8
1665.8
1665.8
1665.8
1665.8
1665.8
1665.8
1665.8
1665.8
1665.8
1665.8
1665.8
1665.8
1665.8
1665.8
1665.8
1665.8
1665.8
1665.8
1665.8
1665.8
1664.9
1664.9
1664.9
1664.9
1664.9
1664.9
1665.0
1664.9
1664.9
1664.9
1664.9
1665.0
1664.9
1665.5
1664.9
1665.6
1665.6
1665.6
1665.6
1665.6
1665.6
1665.6
1665.6
1665.6
1665.6
1665.6
1665.6
1665.6
1665.6
1665.6
1665.6
1665.6
1665.6
1665.6
1665.6
1665.6
1665.6
1665.6
1664.9
1665.4
1664.9
1664.9
1664.9
1664.9
1664.9
1664.9
1664.9
1664.9
1664.9
1664.9
1664.9
1664.9
1664.9
1664.9
1664.9
1664.9
1664.9
1664.9
1665.0
1664.9
1664.9
1664.9
1664.9
1664.9
1664.9
1664.9
1664.9
1664.9
1664.9
1664.9
1664.9
1664.9
1664.9
1664.9
1664.9
1664.9
1664.9
1664.9
1664.9
1664.9
1664.9
1664.9
1664.9
1663.2
1663.2
1663.2
1663.2
1663.2
1663.2
1663.2
1663.2
1663.2
1663.2
1663.2
1663.2
1663.2
1663.2
1663.2
1663.2
1663.2
1663.2
1663.2
1663.2
1663.2
1663.2
1663.2
1663.2
1663.2
1663.2
1663.2
1663.2
1663.2
1663.2
1663.2
1663.2
1663.2
1663.2
1663.2
1663.2
1663.2
1663.2
1663.2
1663.2
1663.2
1663.1
1663.2
1663.2
1663.2
1663.2
1663.2
1663.2
1663.2
1663.2
1663.2
1663.1
1663.2
1663.2
1663.2
1663.2
1663.2
1663.2
1663.2
1663.2
1663.2
1663.2
1663.2
1663.2
1663.2
1663.2
1663.2
1663.2
1663.2
