1 158862336
10 0
11 0
1106 61440
1108 516096
12 0
13 0
142 0
143 0
144 0
145 0
146 0
147 0
15 0
16 0
17 0
18 0
19 0
2 0
20 0
2051 0
21 0
2180 0
22 0
2234 0
2248 0
2253 0
2259 888832
23 0
24 0
25 0
26 0
27 0
28 0
29 0
29608 0
3 0
30 0
4 0
436 0
439 0
440 0
441 0
442 0
444 0
445 0
449 0
49 0
509 0
518 0
553 0
554 0
6 0
64083 0
643 163840
669 18292736
71417 0
721 0
727 0
729 0
73014 0
73015 
73016 
73017 
750 0
751 0
756 0
758 0
759 0
761 0
762 0
763 0
764 0
765 0
766 16384
786 892928
790 98304
8 0
806 0
807 0
809 0
818 2326528
819 7258112
821 4616192
823 1990656
829 831488
833 10100736
834 233472
838 401408
839 2502656
847 0
854 745472
857 8019968
858 327680
860 258048
872 4587520
882 3248128
884 1196032
9 0
